113
0.0 0.0
1.0 0.0
1.0 0.5
0.5 0.5
0.5 1.0
0.0 1.0
0.375 0.875
0.5 0.75
0.25 1.0
0.0 0.5
0.0 0.75
0.25 0.625
0.1875 0.8125
0.3541666666666667 0.7291666666666666
0.38888888888888884 0.5902777777777777
0.12313964273867245 0.5662207145226551
0.5 0.0
0.24216437302014998 0.49286086019400754
0.0 0.25
0.0 0.625
0.11901441392723312 0.4262902080702764
0.0 0.375
0.25 0.0
0.23490100152126045 0.35910374820315394
0.12118862852696956 0.29650366337931544
0.39838786643312574 0.37134262757616526
0.04553363052158821 0.3125
0.0 0.125
0.2101064310969517 0.2695641290249454
0.12908516093114525 0.1623545461112914
0.3225275805033182 0.2866361578144809
0.28680553017533794 0.14318100239105327
0.5038029264152828 0.2006142152994981
0.07846461556004394 0.22668179509213213
0.0598360008708609 0.15994168121117563
0.125 0.0
0.0972208784370992 0.08192764595831431
0.0625 0.0
0.0 0.0625
0.03125 0.03125
0.07448986748361325 0.04323986748361325
0.045836153005969486 0.08609705634678722
0.1875 0.06686515177071335
0.20692314156990577 0.144359188334713
0.375 0.0
0.38951230674242077 0.19378097271361072
0.3730908473436518 0.09757687847568827
0.3569248978245137 0.4792173085244496
0.75 0.5
0.47652652016463637 0.10078812561271083
0.75 0.0
0.625 0.0
0.598719590889228 0.12103971944251551
0.6761566780855413 0.3098025467072299
0.5420871816488495 0.36230527972928606
0.625 0.5
0.125 1.0
0.0 0.875
0.1214275131558205 0.6982174605325385
0.7585455389015542 0.16573865707239388
1.0 0.25
0.875 0.07664459338171421
0.8436348931805022 0.309991178373379
0.875 0.5
0.21875 0.71875
0.8167727694507771 0.12119162522705404
0.6091219298671954 0.33605391321825795
0.37290689335670124 0.5347475431511136
0.0625 0.9375
0.7598957856330217 0.30989686254030446
0.3776563821288197 0.42527996805030743
0.9375 0.038322296690857106
0.44919393321656287 0.43567131378808266
0.4702375240409876 0.3668239536527257
0.4375 0.9375
0.9218174465902511 0.4049955891866895
0.875 0.0
0.2920910857922491 0.4233447590163482
0.4190814523736948 0.49139319427184686
0.313045021656457 0.5820411977369392
0.3359147643531214 0.3782831891785335
0.5 0.625
0.3139474017930343 0.521651519992194
0.2604893895221591 0.5510542979487777
0.4293291551168294 0.5485737990500336
0.18990015915749786 0.5413007514259905
0.4453913741095882 0.6046087139604287
0.5 0.5625
0.4455505680103816 0.6875
0.6061339195616651 0.22970911118561152
0.7417923360543158 0.0835128237290603
0.9102123931494515 0.1829983536587785
1.0 0.125
0.6775852532852936 0.41216521929016703
0.4287618640370136 0.28082170592843436
0.17857890502703835 0.6128567476146095
0.1349025394175632 0.4958478775743378
0.5502727615077941 0.284493042013088
0.8067285175963413 0.04773503239243964
0.8313907957957962 0.20062657870010475
0.6004725317358608 0.41268175769170173
0.18722319037941892 0.44730358258129005
0.801655596942396 0.4073797926543817
0.34373273391008574 0.6527734612552992
0.09375 0.84375
0.5 0.875
0.375 1.0
0.16796875 0.91015625
0.5 0.9375
0.4375 1.0
0.269287109375 0.879638671875
1.0 0.375
0.9326695187540577 0.3163932021467799
187
0 39 38
39 0 37
37 40 39
40 37 35
92 61 71
39 40 41
67 14 79
27 38 41
27 34 18
34 27 41
36 34 41
18 34 33
38 39 41
23 80 77
41 40 36
82 83 17
36 35 42
35 36 40
42 22 31
22 42 35
31 22 46
36 42 29
59 52 90
43 42 31
33 29 28
33 34 29
31 28 43
28 31 30
24 33 28
43 28 29
29 42 43
18 33 26
31 45 30
29 34 36
51 90 52
23 28 30
79 11 83
9 21 20
26 20 21
20 26 24
21 18 26
19 9 15
83 82 79
10 19 58
57 68 5
104 12 107
5 68 56
78 3 84
10 58 104
77 82 17
96 9 20
81 88 86
15 58 19
85 101 17
70 47 77
67 82 47
95 83 11
101 85 96
24 28 23
85 95 15
104 58 12
107 68 104
110 8 107
64 12 58
13 110 64
56 68 107
95 64 58
86 87 81
64 11 103
20 24 23
26 33 24
95 85 83
70 80 25
30 25 80
49 46 44
45 31 46
49 44 16
88 13 103
32 52 89
52 16 51
45 49 32
49 45 46
66 54 97
52 32 49
53 66 89
94 32 97
49 16 52
89 66 97
51 50 90
45 94 30
65 59 90
98 65 90
65 61 91
98 76 61
1 71 76
92 91 61
7 13 88
91 92 60
53 59 69
89 59 53
99 69 59
91 99 65
111 75 112
69 102 93
59 65 99
53 93 66
14 84 86
61 65 98
84 87 86
69 62 102
70 72 78
77 47 82
25 72 70
72 25 73
70 77 80
78 47 70
103 11 79
79 14 103
7 105 6
13 7 6
14 86 88
74 106 6
67 84 14
6 110 13
67 47 78
82 67 79
87 84 3
72 54 3
93 100 66
75 63 102
54 66 100
100 3 54
25 94 73
61 76 71
4 74 108
72 3 78
23 30 80
102 48 93
2 63 75
84 67 78
101 77 17
17 83 85
75 111 2
73 54 72
73 94 97
8 110 106
81 7 88
46 22 44
59 89 52
96 85 15
91 60 112
71 1 92
69 93 53
48 55 93
30 94 25
32 94 45
64 95 11
58 15 95
9 96 15
96 20 101
97 54 73
32 89 97
90 50 98
76 98 50
91 62 99
69 99 62
93 55 100
3 100 55
20 23 101
77 101 23
75 102 62
63 48 102
88 103 14
103 13 64
57 10 104
68 57 104
6 105 74
74 109 106
110 107 12
8 56 107
74 105 108
74 4 109
110 12 64
110 6 106
112 75 62
91 112 62
60 111 112
37
1 76
2 111
55 3
108 4
5 56
0 38
81 7
8 106
9 19
10 57
16 44
19 10
18 21
21 9
27 18
22 35
35 37
37 0
38 27
44 22
50 51
63 48
51 16
48 55
56 8
57 5
60 92
2 63
76 50
81 87
87 3
92 1
105 7
106 109
108 105
109 4
111 60
