1220
0.0 0.0
1.0 0.0
1.0 0.5
0.5 0.5
0.5 1.0
0.0 1.0
0.375 0.875
0.5 0.75
0.25 1.0
0.0 0.5
0.0 0.75
0.25 0.625
0.1875 0.8125
0.3541666666666667 0.7291666666666666
0.38888888888888884 0.5902777777777777
0.12313964273867245 0.5662207145226551
0.5 0.0
0.24216437302014998 0.49286086019400754
0.0 0.25
0.0 0.625
0.11901441392723312 0.4262902080702764
0.0 0.375
0.25 0.0
0.23490100152126045 0.35910374820315394
0.12118862852696956 0.29650366337931544
0.39838786643312574 0.37134262757616526
0.04553363052158821 0.3125
0.0 0.125
0.2101064310969517 0.2695641290249454
0.12908516093114525 0.1623545461112914
0.3225275805033182 0.2866361578144809
0.28680553017533794 0.14318100239105327
0.5038029264152828 0.2006142152994981
0.07846461556004394 0.22668179509213213
0.0598360008708609 0.15994168121117563
0.125 0.0
0.0972208784370992 0.08192764595831431
0.0625 0.0
0.0 0.0625
0.03125 0.03125
0.07448986748361325 0.04323986748361325
0.045836153005969486 0.08609705634678722
0.1875 0.06686515177071335
0.20692314156990577 0.144359188334713
0.375 0.0
0.38951230674242077 0.19378097271361072
0.3730908473436518 0.09757687847568827
0.3569248978245137 0.4792173085244496
0.75 0.5
0.47652652016463637 0.10078812561271083
0.75 0.0
0.625 0.0
0.598719590889228 0.12103971944251551
0.6761566780855413 0.3098025467072299
0.5420871816488495 0.36230527972928606
0.625 0.5
0.125 1.0
0.0 0.875
0.1214275131558205 0.6982174605325385
0.7585455389015542 0.16573865707239388
1.0 0.25
0.875 0.07664459338171421
0.8436348931805022 0.309991178373379
0.875 0.5
0.7598957856330217 0.30989686254030446
0.4375 0.8125
0.28125 0.84375
0.7130783390427706 0.4049012733536149
0.7968174465902511 0.4049955891866895
0.9375 0.038322296690857106
0.8593174465902511 0.19331788587754659
0.3125 0.9375
0.4375 0.9375
0.9375 0.1633222966908571
0.9218174465902511 0.4049955891866895
0.9218174465902511 0.2799955891866895
0.875 0.0
1.0 0.125
1.0 0.375
0.2265625 0.9140625
0.375 1.0
0.5 0.875
0.27083333333333337 0.7708333333333333
0.674359795444614 0.06051985972125776
0.09375 0.78125
0.30208333333333337 0.6770833333333333
0.7542727694507771 0.08286932853619694
0.45109539642420426 0.2859784214378317
0.21875 0.71875
0.5229450540320661 0.28145974751439207
0.589979802250412 0.255208381003364
0.0625 0.9375
0.15625 0.90625
0.4444444444444444 0.5451388888888888
0.678632564895391 0.1433891882574547
0.6374381344873846 0.2154211330748727
0.4444444444444444 0.6701388888888888
0.09375 0.84375
0.5 0.625
0.5729790096944427 0.1867319569860821
0.0 0.8125
0.43103757060844705 0.47188064245825956
0.49153596365898233 0.42213346424122855
0.5714840222669999 0.43841430403905135
0.6241198496327259 0.3743521776099016
0.549359795444614 0.06051985972125776
0.30466655533932807 0.2149085801027671
0.7592206622672879 0.23781775980634917
0.1769577077242468 0.39269697813671517
0.06071375657791025 0.6616087302662692
0.3776563821288197 0.42527996805030743
0.061569821369336225 0.5956103572613276
0.05950720696361656 0.4631451040351382
0.29954463542233184 0.4860390843592286
0.061569821369336225 0.5331103572613276
0.3194444444444444 0.6076388888888888
0.2385326872707052 0.42598230419858074
0.18058939347369155 0.45957553413214197
0.12228357794724648 0.6322190875275968
0.18656982136933623 0.5956103572613276
0.18265200787941122 0.5295407873583313
0.12107702833295278 0.49625546129646575
0.3166444339771931 0.3652231878896596
0.3155266309545194 0.5415693189858926
0.246082186510075 0.5589304300970037
0.29591294967288706 0.4191605283638018
0.1790601111436474 0.6659602743595086
0.8146363847253886 0.07975696095895557
0.9609087232951256 0.4524977945933447
0.8827261698853767 0.35749338378003426
0.8671587232951256 0.1349812396296304
0.424741631428665 0.32866052450699845
0.8146363847253886 0.04143466426809847
0.16959579601404848 0.21595933756811841
0.20851478633342874 0.2069616586798292
0.38681148846376123 0.28630728962615626
0.4409722222222222 0.7413194444444444
0.328125 0.859375
0.31770833333333337 0.7864583333333333
0.6690391695213853 0.45245063667680746
0.8359087232951256 0.4524977945933447
0.8984087232951256 0.4524977945933447
0.8593174465902511 0.4049955891866895
0.3993055555555556 0.6996527777777777
0.4257632600823182 0.050394062806355416
0.8167727694507771 0.12119162522705404
0.39583333333333337 0.7708333333333333
0.3740454236718259 0.048788439237844136
0.36458333333333337 0.8020833333333333
0.32994818875949483 0.12037894043337077
0.26840276508766897 0.07159050119552664
0.3115454236718259 0.048788439237844136
0.18093610170320656 0.176341367920725
0.1639982689683294 0.13602963253314418
0.12315655886537745 0.11817780019963477
0.3289820966394061 0.17076612599799149
0.291015625 0.892578125
0.4556152755625366 0.3772002645621257
0.14275372831759298 0.07675363093641925
0.37128454949131545 0.146374352148723
0.47545234826605554 0.33049447557162936
0.42404146213587646 0.12389504545868565
0.39566870210727967 0.6448156130268198
0.9442855046668037 0.34666990161008493
0.9375 0.5
1.0 0.4375
0.9663347593770288 0.40819660107338995
0.8125 0.5
0.4433315580651225 0.611200125302719
1.0 0.3125
0.9375 0.1008222966908571
0.96875 0.08166114834542855
0.4203038515833125 0.2398796970757212
0.5376230555269321 0.11091392252761317
0.046875 0.765625
0.14907316812560817 0.3446003207580153
0.203125 0.765625
0.96875 0.20666114834542854
0.6580353496913878 0.1794051606661637
0.9296587232951256 0.2216589429387733
0.8905674465902511 0.23665673753211802
0.7189266135813395 0.19060347403190192
0.07723187828895513 0.7214293651331346
0.178044815024115 0.3278037057912347
0.26631700580013495 0.2781001434197131
0.7176886701764146 0.27381015325678953
0.656797406286463 0.2626118398910513
0.08336112952427888 0.3045018316896577
0.5247527649295396 0.14376004129939646
0.8014277777238951 0.2739044690898641
0.4466576165788518 0.1971975940065544
0.022766815260794104 0.34375
0.607049825941569 0.31478027930663277
0.2225037163091061 0.3143339386140497
0.030356878288955124 0.7058043651331346
0.8092690544287695 0.21556782284194786
0.23828125 0.95703125
0.15446375657791026 0.7553587302662692
0.05950720696361656 0.4006451040351382
0.8514761698853767 0.2516545321254628
0.12010152122710134 0.3613969357247959
0.17578125 0.95703125
0.6983293983773362 0.22661944644061094
0.08227402222441066 0.3693951040351382
0.0 0.6875
0.0 0.3125
1.0 0.1875
1.0 0.0625
0.5641480965224215 0.14025196826844616
0.09470983003532828 0.2647236951274888
0.6357293291473565 0.14275087678728207
0.057493823700895466 0.2756139303963078
0.12497044789977634 0.22931177295918068
0.6393117393713765 0.09424440669943676
0.6165153389678562 0.179557903320032
0.2687372573099681 0.3256327106241425
0.15995402853159 0.2649831570499797
0.34375 0.90625
0.46875 0.78125
0.4628816300411591 0.025197031403177708
0.02975360348180828 0.4190725520175691
0.140625 0.828125
0.046875 0.859375
0.030784910684668113 0.5165551786306638
0.40625 0.84375
0.5982420111335 0.4692071520195257
0.15625 0.033432575885356676
0.7315391695213853 0.45245063667680746
0.030784910684668113 0.5790551786306638
0.40068467113447903 0.5121780987066692
0.8202261698853767 0.35749338378003426
0.7734087232951256 0.4524977945933447
0.5357420111335 0.4692071520195257
0.171875 0.859375
0.02991800043543045 0.20497084060558782
0.712179897722307 0.03025992986062888
0.524679897722307 0.03025992986062888
0.234375 0.828125
0.21875 0.033432575885356676
0.6946175085641559 0.35735191003042244
0.109375 0.921875
0.078125 0.890625
0.125 0.875
0.37290689335670124 0.5347475431511136
0.20703125 0.86328125
0.7364870623378962 0.3573990679469597
0.7783566161116364 0.35744622586349695
0.7549478928165109 0.40494843127015223
0.587179897722307 0.03025992986062888
0.09375 0.96875
0.03125 0.90625
0.46875 0.96875
0.03125 0.96875
0.40625 0.90625
0.375 0.9375
0.4375 0.875
0.46875 0.84375
0.34375 0.96875
0.40625 0.96875
0.46875 0.90625
0.5625 0.5
0.0 0.5625
0.4375 0.0
0.0 0.4375
0.0 0.1875
0.6875 0.0
0.5625 0.0
0.029753603481808305 0.4815725520175691
0.4073881080524777 0.5488072219219838
0.06058906551836875 0.4981262403663882
0.09137670407466342 0.5147689357808796
0.12226011728012591 0.5312336132996947
0.15196083726746615 0.512719942194678
0.18187388519787354 0.49455069672535673
0.2115214853125269 0.4759506958258331
0.5069883349810479 0.06988349534479515
0.6192049175056146 0.42396872705597544
0.1875 0.0
0.0 0.9375
0.0625 1.0
0.3125 1.0
0.4375 1.0
0.5 0.8125
0.5 0.9375
0.34375 1.0
0.1989050555718237 0.6923551371797543
0.7185890518984726 0.1545639226649243
0.4166358288456782 0.4012401163062166
0.3107638888888889 0.642361111111111
0.40434697636863337 0.4485803052542835
0.3506944444444445 0.6883680555555555
0.6764961801700025 0.10195452398935623
0.4857051907541957 0.17047881765297543
0.96875 0.019161148345428553
0.7143162824476956 0.07169459412872735
0.5649974399868176 0.2981200134105124
0.2854917805697315 0.2465043617612401
0.24479166666666669 0.7447916666666666
0.5325161178404578 0.32188251362183906
0.5745685037952093 0.3385427795179594
0.23741589606678185 0.24253090104977115
0.5564624281412391 0.26833406425887807
0.3546695344835397 0.2864717237203186
0.295736042757333 0.1790447912469102
0.212890625 0.978515625
0.3125 0.75
0.150390625 0.978515625
0.5567856019579247 0.4003597918841687
0.24686433587262185 0.14377009536288315
0.90625 0.019161148345428553
0.2760416666666667 0.6510416666666666
0.3925996774484435 0.3288249586011608
0.46159206837174405 0.14899285980963262
0.44332642308549186 0.42454045351019265
0.8448181923626943 0.020717332134049235
0.328125 0.703125
0.5468913643328475 0.22791129815143107
0.7564091541761657 0.12430399280429541
0.47744916141974353 0.2432963183686649
0.6470195847606927 0.47622531833840376
0.34327271183591296 0.024394219618922068
0.7823181923626943 0.020717332134049235
0.23766295332878737 0.10797484476511982
0.28077271183591296 0.024394219618922068
0.7095195847606927 0.47622531833840376
0.3488760177203065 0.6609494731800765
0.3575161502051594 0.3682829077329124
0.5133739902236745 0.24103698140694507
0.234375 0.671875
0.24766015825438334 0.17507133053544124
0.35172796122047717 0.3257652387579079
0.388161897603091 0.2400441311698835
0.3470894310408744 0.2043447764081889
0.4722222222222222 0.6475694444444444
0.7164526671730841 0.11312925839682582
0.28645833333333337 0.7239583333333333
0.2604166666666667 0.6979166666666666
0.4722222222222222 0.5850694444444444
0.4722222222222222 0.5225694444444444
0.25659067083637843 0.21093511939129816
0.4722222222222222 0.7100694444444444
0.34573902190154465 0.25060793486446165
0.9375 0.0
0.5 0.6875
0.3125 0.0
0.6875 0.5
0.1875 1.0
0.8125 0.0
0.5 0.5625
0.37911010628303937 0.6727139104721387
0.14124820106907895 0.9419652035361842
0.18070739268589756 0.726694656812611
0.4925241909816387 0.13855229523538926
0.9052509094580276 0.05585402393511829
0.43774100752644574 0.5085097656735742
0.16563172496308506 0.6967140192973006
0.4665388015868139 0.48719572588462556
0.1425384009566246 0.6683219237565995
0.4957155959259205 0.461072426430593
0.15875268954725053 0.635491986031827
0.1436021698967901 0.5994908724399195
0.1966145184883953 0.6322583898776017
0.33436767219758395 0.40298820534367447
0.32974747230213475 0.445807431271169
0.06915030821545243 0.19331173815165387
0.207745197497476 0.409339641167648
0.17877355059896916 0.42613625613442857
0.08926081044542485 0.4447176560527073
0.6416032520135551 0.3122914130069313
0.2708545042212409 0.4894499722766181
0.5740396931669209 0.09077978958188664
0.06114178897362324 0.6286095437637984
0.09192669965829135 0.6139147223944622
0.09149866726257837 0.646913908896933
0.1158478174334327 0.738394047699702
0.9135058372760902 0.3520816426950596
0.2847222222222222 0.6163194444444444
0.21436709719474312 0.5442356087276675
0.18461091462437373 0.5625755723098295
0.2163260039397056 0.5772703936791657
0.23671684439598284 0.39254302620086734
0.8632380849426884 0.1641495627535885
0.14980190370046234 0.44293287110120916
0.09446058090100307 0.16114811366123352
0.0234375 0.7890625
0.0234375 0.8359375
0.9721427523334019 0.32958495080504246
0.275390625 0.947265625
0.05283607693841519 0.12301936877898142
0.516811572653916 0.3922193719852573
0.07852843965398004 0.12093466358474497
0.26722281847179613 0.42257141628119127
0.26903866134651855 0.45601069427890467
0.1037748882455946 0.19451817060171178
0.12410687828895513 0.7683043651331346
0.28125 0.96875
0.6501382638591335 0.34207736215856577
0.649679897722307 0.03025992986062888
0.659368679098441 0.365852043820162
0.12004572113009296 0.4612728346833711
0.9375 0.1320722966908571
0.9023293616475627 0.11790176816024375
0.2757727177492268 0.36216346804640676
0.0703125 0.7734375
0.8342932505095103 0.20444285435974724
0.2490234375 0.8779296875
0.8631805315329395 0.3337422810767066
0.2788455019873347 0.5172150895899501
0.3522077599217041 0.5659235483818351
0.8380451080205141 0.1572547555523003
0.2441232797651125 0.5258956451455057
0.24804109325503748 0.5919652150485019
0.4988512286056931 0.3697527721457059
0.7876591541761657 0.14346514114972397
0.9023293616475627 0.14915176816024375
0.26540697559707377 0.38913213828347787
0.8984087232951256 0.17832009128420184
0.5929497443057675 0.07564982465157219
0.0703125 0.8203125
0.6307698465834606 0.04538989479094332
0.9330514756285274 0.3133327453983872
0.35416666666666663 0.5989583333333333
0.6216623835691703 0.3991604523329385
0.6132458185468418 0.06225216828003282
0.7839072966651619 0.19065323995717087
0.9609087232951256 0.2649977945933447
0.2808044087322972 0.5502498745414481
0.3174855376994819 0.5746041039373907
0.2827633154772597 0.5832846594929463
0.8827261698853767 0.29499338378003426
0.9609087232951256 0.2962477945933447
0.9022718082378138 0.31874448648336184
0.6661416282741925 0.4144350002047952
0.6685990943377482 0.38962672548175825
0.046875 0.8125
0.8130209119397733 0.16837972403450097
0.06629144554489882 0.7464381633653036
0.2597133091517857 0.9630824497767857
0.6370601557410289 0.06946407833584989
0.6151957899052141 0.08727823754795888
0.58892139238818 0.3833913310951449
0.08885347902145421 0.7568770629356374
0.24375594545283627 0.9786205376037719
0.5966546815940038 0.4092090849341659
0.21875 1.0
0.29462214106243095 0.38488491292133986
0.8316245801366631 0.23214687225577837
0.8514761698853767 0.36329217851895074
0.03695876182888998 0.7361722747779602
0.8564420710133966 0.2205569468108444
0.8049978653456776 0.244689026951445
0.8825018141347193 0.20953653885908446
0.09031604057064996 0.4796557971881903
0.029514339707516078 0.6447016734245975
0.08955256143507484 0.6824307446086157
0.1524373484046732 0.7926724147218683
0.15294633479610828 0.547877755813537
0.2144612885937775 0.5110790785367726
0.9709182132165823 0.1476972966908571
1.0 0.28125
0.9335834156563388 0.37603765784665305
0.6218450766887881 0.2790852114417481
0.8305779473191172 0.3888104459600255
0.12028288378885289 0.8014027978919469
0.9651675302417332 0.1164472966908571
0.9667286453095867 0.37148243378798745
0.5301175274600093 0.4290973345296374
0.8905674465902511 0.4049955891866895
0.9101130849426884 0.42874669189001713
0.8788630849426884 0.42874669189001713
0.8671587232951256 0.4524977945933447
0.014959000217715224 0.2274854203027939
0.140625 0.016716287942678338
0.028746911850447733 0.29405696519815394
0.5142778456724112 0.17218712829944727
0.4003816300411591 0.025197031403177708
0.8458863847253886 0.09891810930438413
0.4166666666666667 0.7916666666666666
0.375 0.75
0.5488658873119912 0.1652459991427393
0.3735681355077388 0.0731826588567662
0.24357638254383449 0.05251153854044166
0.49919870114906084 0.3059771115430107
0.1689994217778525 0.2963934314206072
0.14852961447567406 0.3770469569307555
0.1775012613741809 0.36025034196397493
0.696922674130978 0.2918063499820097
0.2899740943797474 0.06018947021668539
0.8225313354521986 0.29194782373162154
0.02991800043543045 0.17372084060558782
0.7595582239501548 0.2738573111733268
0.20647290827268772 0.34345372699719434
0.14798606082573995 0.40949359310349576
0.20592935462275364 0.3759003631699346
0.35151951805157333 0.10897790945452952
0.02991800043543045 0.14247084060558782
0.1495018641587965 0.05509310341088797
0.3083768594674164 0.13177997141221204
0.25303285920822816 0.08978267298032322
0.201171875 0.935546875
0.3697916666666667 0.8385416666666666
0.359375 0.765625
0.4201388888888889 0.720486111111111
0.4184027777777778 0.7560763888888888
0.3975694444444445 0.7352430555555555
0.061569821369336225 0.5643603572613276
0.09974493374180662 0.021619933741806624
0.5383909680548628 0.1936730861427901
0.4502839911502564 0.11234158553569824
0.09235473205400434 0.5809155358919913
0.6052085720909137 0.2010765450304774
0.2282064766643937 0.07070371032523824
0.11955796757716723 0.39384357189753616
0.4870202252281352 0.2837190844761119
0.09235473205400434 0.5496655358919913
0.04370591206816296 0.24029238550094784
0.7806617816784585 0.2919006658150843
0.7387922279047181 0.291853507898547
0.46970407510289774 0.06299257850794426
0.2926908456435806 0.345427949256901
0.10862179790060311 0.05999674921001625
0.3985661547397641 0.11073596196718696
0.23697916666666669 0.7682291666666666
0.7332263335865421 0.05656462919841291
0.2125814766643937 0.08741999826791658
0.17574913448416468 0.10144739215192877
0.7472490450425007 0.025488630997339057
0.399427053712985 0.07398547064102184
0.6137089683688983 0.23531475703911836
0.5814794059724273 0.22097016899472305
0.33622576438951657 0.510393313755171
0.2760416666666667 0.8072916666666666
0.2994791666666667 0.8151041666666666
0.3463541666666667 0.8307291666666666
0.34114583333333337 0.7942708333333333
0.3229166666666667 0.8229166666666666
0.8319305315329395 0.3337422810767066
0.21875 0.796875
0.19140625 0.91015625
0.27760414763150343 0.10738575179328996
0.748191423985459 0.33364796524363205
0.19721157078495288 0.10561217005271317
0.29563241890664316 0.3061344342193117
0.028746911850447733 0.26280696519815394
0.41808496166063625 0.19548928336008256
0.3423181355077388 0.0731826588567662
0.31958600724025565 0.3259296728520702
0.7682954809067357 0.05179333033512309
0.7900609777591991 0.33369512316016936
0.7063218702117187 0.3336008073270948
0.4353495393573641 0.16054631973262
0.45114489012347725 0.07559109420953312
0.11536993374180662 0.03833622168448496
0.2526041666666667 0.7994791666666666
0.4067768844391486 0.1588380090861482
0.29917547692358193 0.0959847208144487
0.3207468062156604 0.08458368983560746
0.4249023611090973 0.08714455413252054
0.801765339406762 0.3099440204568417
0.7180262318592815 0.30984970462376715
0.0 0.21875
0.18268440391196286 0.12309152235253956
0.15625 0.0
0.1651346862270984 0.0718447869272931
0.2689477765682166 0.046514150133976404
0.3294651426994505 0.14557253321568114
0.4489626049625818 0.05240706099569733
0.3721876984174836 0.12197561531220563
0.17163612133129186 0.05010740208222025
0.25088288547522625 0.026756663928673437
0.3074737105412482 0.15617870824872943
0.4391984021803436 0.03024719284377217
0.3506074399001386 0.13335975174362352
0.3933098129623808 0.13497356007446104
0.18142300567438246 0.025640972009727432
0.6885406624641646 0.26115511440628514
0.44321469907407407 0.7693865740740741
0.8500245686180853 0.2811547290238739
0.9408764346743409 0.42914717393365304
0.9296587232951256 0.4590388191483605
0.09093110739239889 0.4095918789851589
0.90625 0.5
0.9257380849426884 0.2508272660627314
0.9648293616475627 0.23582947146938663
0.9061924465902511 0.2583261633594037
0.8866468082378138 0.26582506065607614
0.8448181923626943 0.07820077717033488
0.5156836732230754 0.3458176428837725
0.6987795892383653 0.16699633114467832
0.1890552911737386 0.21146049812397383
0.2223278058717164 0.6121118024630519
0.13513089832628886 0.32055199206866536
0.18503022981427086 0.2672736430374626
0.10118777172575599 0.36539601987996706
0.06444738002293354 0.30850091584482886
0.4270015709978312 0.3742714460691455
0.22330725924419764 0.6286291949388009
0.47357561961075945 0.3996668644016771
0.3156154012356381 0.2485561483128509
0.5993441767139676 0.3564474785639305
0.14246223821568316 0.24714746500458018
0.9213754547290138 0.0783381603129877
0.4971919864126024 0.04662625418428657
0.36758626616698953 0.3967814378916099
0.7384546662218512 0.25581395653156935
0.10227487902562421 0.3005027475344866
0.6471177703869238 0.239016486482962
0.034150222891191157 0.328125
0.20771896395166725 0.17566042350727112
0.4937807638817331 0.027728480631903293
0.5070747878457842 0.105851024070162
0.45009698984736024 0.3295775000393139
0.8332433353071214 0.42065412027668514
0.2163050737030289 0.29194903381949755
0.24441036105462052 0.2962170410168814
0.8146363847253886 0.06059581261352702
0.030149625196092093 0.6118784260276307
0.3722723599137931 0.6528825431034482
0.6076174649285421 0.15029881138127377
0.8157045770880829 0.1004742930930048
0.20963334140500145 0.4426451684967405
0.4057765599462131 0.30748390706657736
0.011383407630397052 0.359375
0.42591627624846107 0.5469730554054364
0.14073977119825887 0.7175540334985013
0.12733192928345913 0.26485342608873425
0.16477491227281924 0.24047124730904906
0.22502708629161605 0.45096650001220695
0.6155848377871475 0.3445662284582672
0.11643002458836993 0.1784363583565016
0.7865909618134714 0.12274780901567472
0.7553409618134714 0.10358666067024618
0.20931060871519022 0.2382628938523873
0.8901254547290138 0.06624930865841624
0.44388800125478345 0.640669507095804
0.4695210095057062 0.4428064399703928
0.5903317177451388 0.1599049357942391
0.9492043616475627 0.47624889729667236
0.4549326123361529 0.4558680896974091
0.3981384984706833 0.5695424998498808
0.02975360348180828 0.3878225520175691
0.4035576700235369 0.26309349335093873
0.4401784534956008 0.3529303945345621
0.12064507487703545 0.3289502995520557
0.43791851392643466 0.3073194729724151
0.448876506501528 0.24158800772219305
0.46205338899929765 0.22024695618760964
0.7844545770880829 0.08131314474757625
0.8554543616475627 0.47624889729667236
0.39227879549808425 0.6175466954022988
0.15088137048396424 0.47782640664794357
0.4025158237515562 0.48037920198047634
0.3788047844794964 0.4956977036155594
0.7002891695213853 0.45245063667680746
0.022918076502984743 0.10554852817339361
0.37491768438697315 0.6218869731800765
0.44388800125478345 0.578169507095804
0.3806359370965735 0.4638988068893666
0.678182374034362 0.2030123035533873
0.7086280059793378 0.20861146023625643
0.6884809816363636 0.1850043173490328
0.7617043616475627 0.47624889729667236
0.7851130849426884 0.42874669189001713
0.022918076502984743 0.07429852817339361
0.722308754282078 0.42867595501521116
0.7287750303223121 0.23221860312348006
0.6678837664323605 0.22102028975774182
0.3515213421934866 0.6299539032567049
0.691058754282078 0.42867595501521116
0.7715639794662249 0.21423549988176002
0.13668534212982153 0.2052387540849151
0.7514169551232507 0.1906283569945364
0.875034550910361 0.03828567803458376
0.1898511135555001 0.24276173329653192
0.8448181923626943 0.05903962882490634
0.42005657327586204 0.6574772509578544
0.8599090961813471 0.048680962757881724
0.2509765625 0.9306640625
0.14934047847259685 0.1891569418397049
0.283203125 0.919921875
0.05252041874260238 0.3565725520175691
0.04113701111220533 0.3721975520175691
0.06390382637299943 0.3409475520175691
0.08281757587434477 0.33694846786239796
0.1017313253756901 0.3329493837072268
0.8163630849426884 0.42874669189001713
0.4356996240037584 0.26292905925677645
0.2587890625 0.9033203125
0.9804543616475627 0.47624889729667236
0.4195001300862011 0.6280078691647695
0.41611022347700566 0.6007389515402484
0.7390736379243137 0.21421061691912555
0.7855227694507771 0.10203047688162549
0.4253598330588001 0.5800036736123515
0.41895344244398275 0.286142855531994
0.7929543616475627 0.47624889729667236
0.8242043616475627 0.47624889729667236
0.8046587232951256 0.4524977945933447
0.0 0.34375
0.8427662763762732 0.03987848047947779
0.8966685257522913 0.09197131573062022
0.014559198385118134 0.3258113154745705
0.07042747661258718 0.2900578810429828
0.062022857744772585 0.3754545637797821
0.10794922928114892 0.2806136792534021
0.09597638303516144 0.38747467425828763
0.1752659488586275 0.19615035274442172
0.4771827066741985 0.040481348489225064
0.6762293375493625 0.1660488764743069
0.6556321223453594 0.20206484888301607
0.5903429232560714 0.13956961252169695
0.792449750210299 0.051015238440812745
0.7375003487236022 0.11489273270553169
0.43341563721049836 0.5282292989485635
0.47471033554116676 0.463279961127405
0.596052749831107 0.33490794911548305
0.8169590425934823 0.4083383004193333
0.051527170709956494 0.2941205469705347
0.07651812837391259 0.27159147068383255
0.08935466971264718 0.2861223786601924
0.19488563761414104 0.19234442233631677
0.5767863150322341 0.12228284518654041
0.7288443262548375 0.0917179319577701
0.7372420906000411 0.13911273304211175
0.415054952124673 0.5317553267039878
0.4871801601834203 0.48089455490228067
0.5817204272989931 0.315504916279384
0.8098430567701578 0.3888626449342801
0.06269850025536201 0.253230406593891
0.39392798652392746 0.5325057807229276
0.53125 0.5
0.7850802020587392 0.3821941729353504
0.385401662029897 0.5522327893683457
0.3763333389864928 0.5722463122694107
0.0 0.09375
0.04655500840079399 0.056542816475833216
0.2332232015973827 0.27521351502999186
0.19674392788059444 0.3094164352633183
0.4148230950769055 0.35201341900224664
0.4629910123657537 0.308061798595586
0.749517677726124 0.43179138538148665
0.654968395946799 0.15615723665341924
0.6348863673037628 0.19287499841462935
0.5931455501763946 0.2877792070961864
0.5104212825519862 0.47915346469998293
0.7574004345483691 0.3764269693017125
0.6573420305994683 0.13224301930222976
0.6372901540428211 0.11848062717928848
0.21319837195843105 0.6542554912386299
0.78125 0.5
0.84375 0.5
0.96875 0.5
1.0 0.46875
0.9831673796885144 0.454098300536695
0.9736004475319543 0.4315693956020381
1.0 0.40625
0.8767161620272462 0.10991021483590212
0.2578125 0.8359375
0.4722222222222222 0.5538194444444444
0.4722222222222222 0.6788194444444444
0.4565972222222222 0.7256944444444444
0.3046875 0.8515625
0.1015625 0.9453125
0.1220703125 0.9736328125
0.4861111111111111 0.6362847222222222
0.08339221986201498 0.7019300548708751
0.47166577903256124 0.6181000626513595
0.109375 0.984375
0.7038479238034633 0.3811265916920187
0.984375 0.009580574172714277
0.046875 0.015625
0.0859375 0.9296875
0.0703125 0.9140625
0.140625 0.890625
0.0859375 0.8671875
0.109375 0.859375
0.15625 0.84375
0.1328125 0.8515625
0.0625 0.875
0.0390625 0.8828125
0.1484375 0.8671875
0.09375 0.90625
0.1171875 0.8984375
0.1015625 0.8828125
0.0546875 0.8984375
0.4861111111111111 0.5425347222222222
0.4861111111111111 0.5737847222222222
0.4861111111111111 0.6987847222222222
0.4861111111111111 0.6675347222222222
0.197265625 0.837890625
0.3537019272154772 0.43554369966073825
0.36762566432198274 0.22219445378903618
0.3669504597523178 0.24532603301717257
0.5682698465834606 0.04538989479094332
0.6060899488611535 0.01512996493031444
0.220703125 0.845703125
0.24169921875 0.85302734375
0.58486301670025 0.4538107280292885
0.26513671875 0.86083984375
0.4861111111111111 0.6050347222222222
0.32823476662342277 0.4826281964418391
0.1777811742023366 0.7791487073609342
0.3803984281168681 0.17007766243116684
0.6441220435135 0.4382096818663914
0.6226307979470963 0.4727162351789647
0.2861328125 0.8681640625
0.11749910053453948 0.955357601768092
0.9854591066082912 0.16759864834542854
0.4461805555555556 0.7152777777777777
0.9698341066082912 0.17717922251814283
0.9140337232951256 0.19998951711148757
0.359375 0.890625
0.015625 0.890625
0.078125 0.953125
0.046875 0.921875
0.953125 0.05999172251814283
0.014757169853758039 0.6661008367122987
0.984375 0.19708057417271427
0.555929897722307 0.03025992986062888
0.680929897722307 0.03025992986062888
0.0299356089982356 0.675253019278866
0.5435899488611535 0.01512996493031444
0.5748399488611535 0.01512996493031444
0.6685899488611535 0.01512996493031444
0.6998399488611535 0.01512996493031444
0.4861111111111111 0.7300347222222222
0.015178439144477562 0.6966521825665672
0.3359375 0.8828125
0.5669920111335 0.4692071520195257
0.328125 0.921875
0.5803710055667499 0.48460357600976284
0.05950720696361656 0.4318951040351382
0.04463040522271242 0.44110882802635365
0.02975360348180829 0.4503225520175691
0.01487680174090414 0.42828627600878455
0.014876801740904153 0.45953627600878455
0.43229166666666663 0.6953125
0.015625 0.015625
0.484375 0.984375
0.015625 0.984375
0.390625 0.890625
0.375 0.90625
0.4375 0.84375
0.453125 0.828125
0.328125 0.953125
0.3125 0.96875
0.453125 0.953125
0.421875 0.921875
0.4375 0.90625
0.421875 0.953125
0.453125 0.921875
0.375 0.96875
0.390625 0.984375
0.484375 0.859375
0.484375 0.890625
0.046875 0.953125
0.03125 0.9375
0.0625 0.96875
0.359375 0.921875
0.34375 0.9375
0.46875 0.8125
0.484375 0.796875
0.40625 0.875
0.421875 0.859375
0.078125 0.984375
0.015625 0.921875
0.4375 0.96875
0.46875 0.9375
0.453125 0.984375
0.484375 0.953125
0.015625 0.953125
0.046875 0.984375
0.390625 0.921875
0.421875 0.890625
0.40625 0.9375
0.359375 0.953125
0.390625 0.953125
0.453125 0.859375
0.453125 0.890625
0.46875 0.875
0.484375 0.828125
0.421875 0.984375
0.484375 0.921875
0.296875 0.984375
0.045535317433432684 0.683706547699702
0.6087234643195573 0.44658793953775056
0.4583333333333333 0.6901041666666666
0.484375 0.765625
0.3683008688916476 0.19906287456089983
0.3173828125 0.8994140625
0.953125 0.18499172251814283
0.984375 0.07208057417271427
0.96875 0.05041114834542855
0.984375 0.040830574172714275
0.3095703125 0.8759765625
0.390625 0.796875
0.41145833333333337 0.8177083333333333
0.030784910684668113 0.5478051786306638
0.015392455342334056 0.539527589315332
0.015392455342334056 0.570777589315332
0.29939306682432665 0.45090906277503684
0.059954719862014984 0.6941175548708751
0.4704861111111111 0.7456597222222222
0.3854166666666667 0.8229166666666666
0.3146460538622333 0.46592325781519883
0.3591869902660949 0.17535956427845595
0.6331122511331536 0.4500970226971896
0.9335793616475627 0.1924906198148152
0.96875 0.0
0.5 0.71875
0.0 0.53125
0.0 0.65625
0.59375 0.0
0.5 0.59375
1.0 0.15625
1.0 0.03125
0.59375 0.5
0.0 0.46875
0.65625 0.0
0.53125 0.0
0.5 0.65625
0.5 0.53125
0.0 0.40625
0.0 0.59375
0.0 0.71875
1.0 0.09375
1.0 0.21875
0.6508028157801384 0.45543944911663864
0.10159551775920232 0.7184037138353604
0.13601342249637077 0.9604358886530721
0.71875 0.0
0.5919359767271946 0.4341533858513226
0.15566574031848565 0.9560284167622453
0.16576344173844956 0.9312542984241687
0.0 0.03125
0.03125 0.0
0.06849493374180662 0.021619933741806624
0.0 0.90625
0.021484375 0.869140625
0.068359375 0.853515625
0.0 0.96875
0.03125 1.0
0.115234375 0.837890625
0.1640625 0.8203125
0.162109375 0.884765625
0.09375 1.0
0.1337890625 0.9169921875
0.28125 1.0
0.3525390625 0.8642578125
0.40625 1.0
0.5 0.78125
0.5 0.84375
0.5 0.90625
0.46875 1.0
0.5 0.96875
0.7310568472475094 0.38424202205829416
0.0 0.84375
0.05202414772727273 0.8359375
0.09797087943719253 0.8169088496030392
0.296875 1.0
0.3625573266392027 0.5503355457664744
0.28919506870483325 0.5016270869745894
0.1767578125 0.8974609375
0.23359572965588302 0.47191368010310725
0.4906260439175132 0.2219552668340815
0.203125 0.05014886382803502
0.26538635591795645 0.012197109809461034
0.13337090631773127 0.5828557934812872
0.208984375 0.912109375
0.8981160035807334 0.3547875132375469
0.31788519990592423 0.4982161990571998
0.11998730337734609 0.07934063844736677
0.7974090961813471 0.010358666067024618
0.8286590961813471 0.010358666067024618
0.4191944066219744 0.21768449021790187
0.9235446264662146 0.3640596502708563
0.22229304744934658 0.1261670165499164
0.1098401389675523 0.2470177340433347
0.6588799650495482 0.31104697985708063
0.45019081502057956 0.012598515701588854
0.5508007748635046 0.43375581928434437
0.32547967552681994 0.6690164032567049
0.37795200831914255 0.36981276765453885
0.512916561692965 0.4450848804801152
0.8032128215347863 0.25929674802065455
0.5817449480916946 0.36096705530655215
0.31682432598936705 0.1928373530503793
0.5487567789136377 0.31000126351617574
0.5535423108178336 0.33021264656989924
0.2421875 0.6484375
0.2470328738190673 0.4534885971455558
0.495411575821709 0.24216664988780498
0.5001971077259049 0.2623780329415285
0.48223469332393937 0.2635077014223884
0.39714610548724893 0.413260042178262
0.05419130799773719 0.21582631784885997
0.1845703125 0.8740234375
0.1675855746319039 0.7410266935394401
0.5085884583194786 0.22082559835322157
0.5181595221278703 0.26124836446066857
0.17266125545829336 0.6155511716465774
0.32740906775386946 0.0365913294283831
0.3427954236718259 0.048788439237844136
0.31202271183591296 0.024394219618922068
0.35865906775386946 0.0365913294283831
0.530132677278261 0.23447413977918807
0.5516768962370433 0.24812268120515457
0.5349182091824568 0.25468552283291157
0.6631474709723374 0.3259399544328978
0.48144081502057956 0.012598515701588854
0.15925143140087883 0.089100511544174
0.6723778862116447 0.3497146360944941
0.09214071585614785 0.5974151291432268
0.2265625 0.6953125
0.7821092638064828 0.2412533933788971
0.01171875 0.80078125
0.40312342963186365 0.21776670726498304
0.29718606647092705 0.5293922042879213
0.3338671954381117 0.5537464336838638
0.1689453125 0.9892578125
0.23779296875 0.89599609375
0.8710218082378138 0.38124448648336184
0.4661814036665237 0.1838382058297649
0.912075431123295 0.39051662351667127
0.30020129904833054 0.19697668567483864
0.22808747229390602 0.19101649460763523
0.26723284421486065 0.15912616646324726
0.22802734375 0.87060546875
0.5329297692967546 0.44915224327458153
0.9023293616475627 0.47624889729667236
0.16877862471024102 0.5552266640616832
0.6853870933248486 0.3335772283688262
0.6754279878073082 0.08123719185530699
0.4772332520841148 0.3734765183539158
0.6782695847606927 0.47622531833840376
0.4238366997270626 0.4365603793822381
0.4104914026071558 0.42491021078025004
0.429981125965585 0.4128902849082046
0.48292815770729025 0.2104305857435539
0.8419657463729513 0.12808643242834222
0.7822780446479163 0.2592731690623859
0.172467185335768 0.1561855002269346
0.8264519738046359 0.2627795006076634
0.16508599563306314 0.5975506148506236
0.41894081502057956 0.012598515701588854
0.33418619759883517 0.3454942133237837
0.3692697248421192 0.3060362641920321
0.22870235891518326 0.3367188434086018
0.271041225703055 0.22871974057626915
0.24700328345158012 0.22673301022053466
0.2614538383182567 0.24451763140550564
0.06218229632997477 0.1035158599657661
0.3313524161382563 0.2264504623605199
0.3370802920911763 0.366753047811286
0.2456204868095371 0.31998332461909607
0.4871517884358743 0.35012362385866763
0.6975426160342375 0.12825922332714026
0.6943380389461549 0.06610722692499255
0.6964744236715432 0.10754189119309102
0.695406231308849 0.0868245590590418
0.15666937372046313 0.16259328718642455
0.8867043616475627 0.47624889729667236
0.10171753172991013 0.2279967840256564
0.12612085989826136 0.14026617315546308
0.3524305555555556 0.708767361111111
0.38769081502057956 0.012598515701588854
0.08649451027749155 0.14104138862298926
0.14654171494973733 0.14919208932221778
0.4655338119142961 0.3538473700668775
0.32587799319010124 0.20962667825547798
0.47387928987674666 0.19536288692029252
0.09052561434882661 0.6646723267527743
0.014373455925223867 0.30327848259907697
0.6664770421860021 0.28620719329914057
0.2916666666666667 0.7604166666666666
0.3203125 0.7265625
0.3151041666666667 0.7682291666666666
0.29427083333333337 0.7786458333333333
0.2994791666666667 0.7369791666666666
0.3072916666666667 0.7135416666666666
0.265625 0.734375
0.2526041666666667 0.7213541666666666
0.2734375 0.7109375
0.33333333333333337 0.7395833333333333
0.27864583333333337 0.7473958333333333
0.29427083333333337 0.7005208333333333
0.25520833333333337 0.6614583333333333
0.3359375 0.7578125
0.28125 0.6875
0.23177083333333334 0.7317708333333333
0.23958333333333334 0.7083333333333333
0.2682291666666667 0.6744791666666666
0.24739583333333334 0.6848958333333333
0.2109375 0.7421875
0.649200329150009 0.2874516264489913
0.19191619634294876 0.7461598284063056
0.28062861308785325 0.21292184974703263
0.23255272858490358 0.20894838903556368
0.01171875 0.76953125
0.5583278427220294 0.35042402962362273
0.375 0.6940104166666665
0.8866468082378138 0.38124448648336184
0.3545663288731089 0.5225704284531423
0.0718879434189466 0.06923523121707376
0.5655042870185147 0.3728483054122155
0.32788635591795645 0.012197109809461034
0.29663635591795645 0.012197109809461034
0.35913635591795645 0.012197109809461034
0.11797845097539722 0.5902032041659554
0.1435774139168534 0.12710371636638948
0.9860713761667009 0.32104247540252123
0.11776443477754073 0.6067027974171908
0.11018871865123833 0.10005272307897453
0.6672597923803463 0.4881126591692019
0.6985097923803463 0.4881126591692019
0.7297597923803463 0.4881126591692019
0.2518191294156143 0.3423682294136482
0.1482742523464492 0.5736843141267283
0.014373455925223867 0.27202848259907697
0.52230569525399 0.09039870893620416
0.10880856988319026 0.13966295693043415
0.2761633567968557 0.19498995531910418
0.2521254145453809 0.1930032249633697
0.2716981005058582 0.1770580608911757
0.014959000217715224 0.1337354203027939
0.10084249925967875 0.11955623189218986
0.3750579138268014 0.3485539331670366
0.3546220557128183 0.3470240732454102
0.3721638193344603 0.3272950986795343
0.1641065422605819 0.5810332223748744
0.11604548119584972 0.6753763341826076
0.014959000217715224 0.1649854203027939
0.3040096805365249 0.2665702597878605
0.9020366419331707 0.37853861594087457
0.528174065212831 0.06520167753302646
0.3075356331884256 0.5138042016725606
0.325876197672018 0.5259813163705318
0.3442167621556103 0.538158431068503
0.08787465904553962 0.10143115477152964
0.19921875 0.88671875
0.11701853410960147 0.6576179163267662
0.234375 0.016716287942678338
0.14945284667477107 0.10981259617578176
0.9860713761667009 0.35229247540252123
0.203125 0.016716287942678338
0.13295514359148522 0.09746571556802701
0.37673611111111116 0.7144097222222221
0.07152851572153435 0.08401235115255076
0.2944222931517266 0.28236815061709697
0.216796875 0.888671875
0.543491425485773 0.08571689112443547
0.2759043931849332 0.2623022525904766
0.0 0.78125
0.46875 0.0
0.0 0.28125
0.0 0.15625
0.34375 0.0
0.65625 0.5
0.15625 1.0
0.84375 0.0
1.0 0.34375
0.40625 0.0
0.28125 0.0
0.71875 0.5
0.78125 0.0
0.057971129555485404 0.07628966016002635
0.47621121489897134 0.2232503873007875
0.031197619798073423 0.12310354651439309
0.029296875 0.806640625
0.07632699122309426 0.6054611939736264
0.1672424458601117 0.5378073828644392
0.07463653459082359 0.6727075697660204
0.3819291546787491 0.031093540275401777
0.5315967981674636 0.2135342017135137
0.7994681770814825 0.029530252534797612
0.9824655309082198 0.2995364508023963
0.4355558369308446 0.3930358197989021
0.8867419284331578 0.33521497055807503
0.9389372801636986 0.36135480738310477
0.0439453125 0.7919921875
0.01611328125 0.81689453125
0.07789468026208261 0.5889791592106632
0.15128156672638232 0.5303317015057312
0.1677671090835996 0.5202898000994977
0.9712330736153322 0.3124750628940834
0.4469332407305818 0.406940215095383
0.9032250698357968 0.33872736638447914
0.9555094575806194 0.35907401262447597
0.07759955443986818 0.571452907237515
0.1664197449591662 0.5028160658776163
0.18322124932230693 0.512024430947238
0.9523479109980112 0.32205825369120633
0.46474717337514687 0.4197605169665516
0.9242332497301111 0.3331887080066882
0.9503308973480379 0.3750324316159138
0.9610615024501974 0.34277010866139873
0.16692332665540663 0.4851772933038375
0.19855383855189318 0.5020533527952757
0.19913653428851202 0.5213090689639458
0.9621094054038726 0.3897920730602228
0.9430030340074881 0.39295979334621584
0.08911360215664438 0.24462389325188372
0.3459419112013717 0.38563555653829346
0.14803436956994231 0.7362993359446955
0.17371528770466943 0.7598117188422762
0.18865966796875 0.9766013405539773
0.4622586487238969 0.2575652747609957
0.5298322781324989 0.3011735043031956
0.7092827335137274 0.05118171706531112
0.386813627429338 0.3886952763815463
0.39773644593294305 0.04873996848045658
0.064208984375 0.799560546875
0.9821105124214496 0.3851005430512635
0.3251228310308527 0.3842855439001368
0.16111392724852458 0.7204175497958303
0.5437575540776379 0.28524860826604453
0.3115825936716226 0.40261478871995426
0.21875 0.0
0.49869678848428517 0.32994138197457185
0.32263785566942776 0.42338142969652615
2311
1005 998 1173
934 0 837
837 935 39
935 837 0
355 351 1214
934 837 39
973 1174 972
734 38 663
41 663 735
39 663 38
39 735 663
734 663 654
38 934 39
41 654 663
39 935 770
32 1173 998
770 37 936
37 770 935
770 936 735
40 936 506
37 506 936
735 936 40
1165 1103 1147
1165 1051 41
1138 1147 36
1165 1147 1051
1103 36 1147
1147 1138 1051
735 40 1103
1051 1138 390
1103 40 520
770 735 39
624 355 1214
654 41 1051
1155 1124 1131
1124 27 654
1167 1124 654
1124 1167 495
27 734 654
1131 1124 495
459 169 1175
471 560 234
560 264 234
489 1131 495
234 264 489
489 264 1131
27 1124 1155
560 471 18
495 34 489
425 1175 430
364 489 34
34 388 1066
390 1066 388
1066 390 1125
654 1051 388
34 1066 383
471 234 515
995 234 364
33 364 393
234 489 364
393 364 383
364 33 995
34 383 364
515 234 995
1066 1120 383
34 495 388
1051 390 388
33 515 995
1125 390 1138
711 1174 132
552 520 40
552 506 35
35 472 552
472 35 562
506 37 35
496 520 552
36 520 971
36 1103 520
1112 971 1145
971 1112 36
158 971 520
154 1112 1145
971 158 1145
1112 1125 1138
226 552 472
40 506 552
552 226 496
496 158 520
226 568 496
574 568 226
226 562 574
496 568 563
1010 1145 158
1145 1010 1142
1010 563 525
563 1010 158
42 525 563
1010 525 1142
158 496 563
153 1142 561
563 568 42
472 562 226
1216 1213 362
154 1145 1142
383 1120 29
1120 1125 154
154 1063 1120
1063 154 1109
1125 1112 154
1120 1063 29
1062 393 212
1062 33 393
670 393 629
393 383 629
678 629 29
393 670 212
29 629 383
1201 1062 977
1063 1067 29
1125 1120 1066
29 1067 1060
1067 1109 153
1067 153 1060
561 1041 153
154 1142 1109
1060 153 1041
670 678 133
629 678 670
706 133 678
1060 152 678
673 626 133
152 706 678
1060 678 29
212 670 600
152 1060 1041
1067 1063 1109
1142 153 1109
626 670 133
589 133 706
1138 36 1112
445 122 1213
977 1062 212
1154 18 1118
1118 18 543
607 701 1072
1118 473 1072
471 543 18
1154 1072 205
129 406 1177
698 205 701
698 191 622
191 698 701
607 191 701
681 622 191
205 1072 701
698 622 21
473 1118 543
1185 157 597
543 211 473
543 515 728
702 717 211
211 543 728
33 728 515
473 211 717
607 26 682
1072 26 607
682 680 607
717 594 26
703 680 203
594 682 26
473 717 26
607 680 191
211 728 718
26 1072 473
471 515 543
681 191 680
1187 1178 163
922 21 640
640 220 922
220 640 198
622 640 21
922 220 834
384 174 1179
917 263 835
9 917 267
835 263 834
833 835 834
267 917 835
263 922 834
403 1179 174
834 220 833
1178 1187 1194
198 831 220
198 681 703
112 831 367
198 580 831
681 680 703
220 831 832
833 267 835
267 833 112
112 269 267
112 832 831
452 269 112
112 833 832
220 832 833
9 267 223
198 703 705
640 681 198
622 681 640
269 223 267
203 680 682
429 1177 406
718 719 702
719 718 209
209 704 719
704 209 625
1201 718 728
719 704 605
594 702 187
702 594 717
187 605 684
187 702 719
643 684 605
594 187 683
719 605 187
683 187 684
605 704 24
718 702 211
625 24 704
625 977 600
625 600 216
600 977 212
209 1201 977
216 600 626
643 24 591
643 605 24
24 483 591
483 24 216
592 483 216
175 591 183
24 625 216
643 591 175
216 626 592
209 977 625
1201 728 33
684 643 200
203 683 593
203 682 683
705 593 512
593 705 203
593 200 512
705 580 198
112 367 452
399 452 367
580 512 20
512 580 705
20 512 492
580 20 367
831 580 367
399 367 20
683 684 593
705 703 203
512 484 492
484 200 175
484 485 108
175 485 484
684 200 593
492 484 108
399 121 452
121 399 650
382 650 399
366 382 492
117 650 382
399 20 382
492 382 20
272 121 650
366 492 108
512 200 484
643 175 200
269 452 270
183 591 483
594 683 682
626 600 670
121 270 452
1142 525 561
595 157 1176
574 277 1144
277 574 562
574 1144 965
238 1144 1141
22 1141 1217
965 1144 238
541 561 525
541 42 524
965 511 524
511 965 238
976 541 524
965 524 42
568 965 42
511 322 524
238 481 511
541 525 42
1141 22 569
1141 1144 1217
564 569 323
966 569 22
1162 966 22
569 481 238
498 511 481
498 481 150
539 150 555
564 150 481
564 487 150
150 539 498
481 569 564
498 322 511
323 569 966
238 1141 569
78 755 1212
322 498 539
1041 43 152
43 561 976
43 308 608
608 329 1025
541 976 561
152 43 608
673 133 589
706 720 589
608 134 720
720 152 608
134 1025 1097
720 134 589
1025 134 608
632 589 134
43 976 308
1041 561 43
308 329 608
322 539 308
329 1026 1123
1026 329 308
308 31 1026
329 1122 1025
1097 1122 339
1025 1122 1097
1122 1121 339
1121 1122 1123
303 1121 1123
339 1121 1096
329 1123 1122
632 134 1097
1123 1026 303
308 976 322
524 322 976
339 1049 1097
539 31 308
152 720 706
323 1106 1003
323 966 1162
1001 1003 1105
344 1003 1106
1106 1162 344
323 1003 151
497 539 555
555 487 556
556 151 545
151 487 323
1002 151 1001
151 556 487
1003 1001 151
555 556 149
1003 344 1105
555 150 487
320 1002 1001
1105 1156 320
1004 147 1002
1107 1004 320
344 1156 1105
320 1004 1002
556 494 149
545 494 556
46 567 494
46 494 545
149 494 572
480 545 1002
1002 545 151
572 494 567
1107 1065 1172
1105 320 1001
1156 44 1107
555 149 497
1024 1121 303
303 31 570
155 303 570
497 570 31
539 497 31
986 303 155
1096 1024 106
1096 1121 1024
106 986 1069
986 106 1024
332 1069 986
106 1069 1052
1024 303 986
296 1096 106
565 570 497
1026 31 303
905 155 565
565 155 570
565 572 905
159 572 567
497 149 565
159 905 572
1052 332 791
1069 332 1052
888 791 332
802 888 905
791 331 792
888 332 905
155 905 332
1052 791 341
45 791 888
332 986 155
149 572 565
339 1096 1048
802 905 159
564 323 487
84 1211 403
106 1052 598
592 673 28
592 626 673
632 28 673
613 28 736
589 632 673
592 28 613
491 183 737
183 483 737
737 193 491
614 193 613
1054 1047 193
193 737 613
737 592 613
193 1047 491
632 300 28
483 592 737
736 300 1050
300 736 28
1049 1050 300
1050 1049 1048
632 1097 300
736 1050 184
1054 193 614
1054 614 215
1054 215 1116
215 614 184
215 184 542
402 23 1116
614 736 184
1116 1047 1054
1050 1151 184
613 736 614
1049 300 1097
23 1047 1116
493 365 108
493 485 491
493 380 365
620 365 116
485 183 491
108 365 366
273 1189 1196
117 366 620
117 274 273
274 117 620
627 274 620
1197 457 1198
366 365 620
117 382 366
491 23 493
493 108 485
116 365 380
380 23 415
415 391 380
125 391 415
415 23 402
380 391 116
627 963 274
963 627 990
963 369 17
990 116 391
990 369 963
990 627 116
620 116 627
963 17 274
990 391 392
380 493 23
491 1047 23
17 457 274
402 1116 215
485 175 183
184 1151 1148
1050 296 1151
1151 296 1132
296 1048 1096
598 296 106
1132 296 598
542 519 215
184 1148 542
542 30 546
1148 30 542
1132 30 1148
542 546 519
1148 1151 1132
122 519 546
1132 598 30
215 519 402
30 341 302
341 30 598
1046 302 135
792 302 341
598 1052 341
30 302 330
1045 330 1127
1045 546 330
330 1128 1127
1128 330 1046
311 1128 1046
326 1127 1126
330 302 1046
122 546 1045
792 135 302
330 546 30
792 341 791
1053 1045 1127
445 125 415
402 519 445
900 125 1219
1216 445 1213
122 445 519
900 391 125
392 369 990
369 392 113
900 904 113
363 904 900
113 904 800
900 113 392
391 900 392
961 369 113
122 1053 1213
402 445 415
1053 326 1202
1216 1219 125
1213 1202 362
982 603 326
1053 1127 326
362 603 790
530 970 800
970 113 800
363 790 47
363 1219 790
657 47 790
363 47 800
363 800 904
530 800 47
1102 47 652
1053 1202 1213
1045 1053 122
17 369 407
603 110 790
1048 296 1050
1049 339 1048
273 1190 1189
1128 1126 1127
568 574 965
166 1212 755
113 970 1135
956 1180 385
261 910 898
898 899 261
228 923 899
910 223 898
261 899 923
1188 111 505
453 19 616
911 453 816
453 911 19
820 816 453
911 816 204
616 19 923
456 271 1182
899 898 897
1169 111 1181
228 899 897
897 223 114
114 505 897
1188 1181 111
269 114 223
897 505 228
616 228 111
616 923 228
371 109 453
371 616 111
373 109 371
1171 109 1071
228 505 111
371 453 616
1012 1181 509
897 898 223
910 9 223
820 453 109
924 204 826
204 816 826
820 194 826
194 820 884
816 820 826
924 826 194
1183 1189 1190
10 924 448
384 1015 1152
1098 10 448
384 1168 1015
10 1098 1152
1098 174 384
1152 1015 100
194 448 924
1189 1183 272
194 901 448
109 1171 884
441 182 928
765 182 901
820 109 884
448 901 182
448 174 1098
174 448 436
436 441 403
441 436 182
403 441 84
436 403 174
448 182 436
1179 434 1168
182 765 928
901 194 884
765 901 1171
434 1211 418
505 114 514
271 272 1182
509 1181 1188
514 270 271
271 15 514
15 271 456
121 271 270
514 15 509
372 1012 1111
1012 372 1169
1108 1111 1012
1108 509 15
360 1111 1108
1108 1012 509
1169 1181 1012
118 372 1111
1108 15 967
373 371 372
15 456 1117
15 1117 967
456 1030 1117
1030 456 1170
1170 120 1030
1117 1030 1129
967 360 1108
967 1117 360
1043 119 1000
1129 119 1043
1043 1000 360
1129 1043 360
1117 1129 360
1111 360 118
1129 1030 378
272 1183 1182
121 272 271
1000 359 360
1071 373 1140
1171 1071 454
58 1130 357
1140 1130 1071
373 118 1140
1071 1130 454
765 454 58
928 374 441
374 928 624
928 765 58
624 928 58
394 441 374
454 1130 58
441 394 84
1130 1140 357
109 373 1071
355 58 357
357 118 359
357 126 355
359 126 357
118 360 359
355 624 58
1203 394 374
624 1203 374
801 455 197
197 455 394
997 197 1203
943 455 12
1214 997 1203
84 394 463
1214 351 997
1140 118 357
373 372 118
1211 84 958
997 1204 197
270 514 114
269 270 114
455 463 394
430 1175 1184
100 1180 956
779 938 222
385 938 956
1180 1015 1168
956 938 57
1192 1185 597
937 57 812
812 779 250
812 57 938
250 779 784
812 250 937
938 779 812
937 250 865
938 385 222
157 1185 1176
957 222 385
957 434 418
774 939 97
418 939 957
434 1179 1211
957 939 222
778 779 222
779 778 784
778 774 241
778 222 939
781 772 241
778 241 784
939 774 778
784 241 772
939 418 97
957 385 434
100 1015 1180
250 784 814
278 865 856
865 278 937
870 856 252
856 870 278
865 814 856
278 870 940
1195 1187 163
5 940 839
839 252 941
252 839 940
941 252 871
839 941 5
940 870 252
1143 465 1187
856 855 252
1193 431 420
814 855 856
855 814 91
813 91 771
772 91 814
865 250 814
855 91 813
871 857 864
857 871 855
871 864 279
864 857 813
249 864 813
279 864 945
857 855 813
871 279 941
771 91 772
855 871 252
784 772 814
505 514 1188
783 241 774
1177 431 1186
97 958 942
958 97 418
777 775 942
463 942 958
1211 958 418
97 942 775
781 783 782
781 241 783
242 782 783
777 242 775
782 242 773
242 783 775
774 775 783
240 781 782
942 463 221
781 771 772
777 221 776
221 777 942
233 776 789
943 776 221
463 455 221
777 776 780
773 780 944
773 242 780
962 944 996
233 944 780
233 996 944
773 944 92
780 776 233
782 773 946
789 776 943
780 242 777
455 943 221
944 962 92
762 249 813
762 771 240
240 806 762
763 806 929
771 781 240
762 806 249
945 864 249
945 249 767
767 763 56
763 767 249
56 763 306
767 56 945
249 806 763
272 650 1189
806 240 350
813 771 762
350 929 806
350 946 933
92 933 946
92 962 933
240 782 946
350 933 932
929 306 763
306 929 932
201 1019 306
201 932 933
201 1205 1019
201 306 932
929 350 932
1019 1158 306
933 499 201
350 240 946
773 92 946
306 1158 56
933 962 538
97 775 774
958 84 463
514 509 1188
1000 361 359
1184 386 1191
378 119 1129
378 120 377
124 379 377
1198 120 1190
1183 120 1170
378 377 379
361 126 359
361 119 590
748 361 596
590 119 379
411 590 379
596 361 590
119 378 379
361 748 126
377 457 410
119 361 1000
124 411 379
426 124 410
376 11 411
124 428 411
410 17 407
411 11 590
596 989 748
989 596 11
310 1086 989
376 310 11
1086 310 1091
310 989 11
590 11 596
748 989 328
85 1091 310
124 377 410
457 17 410
328 989 1086
285 351 355
126 748 285
1090 88 1013
328 1013 285
328 285 748
285 1013 88
801 197 1204
1095 351 1093
1093 88 1089
88 1093 351
1090 1089 88
1093 1089 297
351 285 88
176 1095 1093
1013 328 1092
1095 997 351
1090 1092 336
1092 1090 1013
1082 336 1088
1091 336 1092
328 1086 1092
1090 336 1081
297 1081 1080
297 1089 1081
1084 1080 335
1082 1080 1081
1091 1088 336
1080 1084 297
1081 336 1082
522 1093 297
1080 1082 335
1081 1089 1090
1091 1092 1086
1084 82 297
410 407 426
378 1030 120
1017 426 407
407 1135 1017
1135 123 1017
123 1135 1136
113 1135 961
1017 123 426
376 411 428
428 426 427
428 115 376
115 428 427
115 427 421
288 376 115
426 123 427
288 310 376
123 1018 427
407 961 1135
1136 530 1137
1136 1135 970
960 1137 243
1102 1137 530
530 47 1102
1136 1137 1018
1018 408 427
115 421 667
421 408 733
960 408 1018
617 667 655
421 427 408
1018 1137 960
421 655 667
243 1137 1102
1018 123 1136
530 1136 970
288 115 667
1085 335 1082
1085 1088 85
85 315 1085
85 1088 1091
288 85 310
1079 1085 315
335 1078 1084
1078 335 1079
1075 305 1078
315 1075 1079
305 1075 1083
1075 1078 1079
335 1085 1079
1084 1078 1074
85 288 981
1085 1082 1088
981 325 290
325 981 288
1064 290 1100
325 349 290
288 667 325
981 290 315
1083 1087 305
1075 13 1083
1083 13 1087
1075 1064 13
1146 13 1064
1087 13 501
315 290 1064
315 1064 1075
13 478 501
981 315 85
667 617 325
1074 1078 305
960 733 408
428 124 426
1190 120 1183
1087 1076 305
789 943 12
12 801 537
176 537 801
537 176 522
1204 176 801
12 537 789
233 244 996
233 789 244
244 795 1027
795 244 789
796 1027 795
996 244 1139
795 789 237
1149 244 1027
237 789 537
962 996 1139
553 237 537
553 522 82
82 531 553
531 82 1077
297 82 522
553 531 757
237 796 795
796 237 757
757 66 798
66 757 531
805 405 798
757 798 796
237 553 757
1027 796 405
531 532 66
553 537 522
1093 522 176
405 796 798
538 1139 968
538 962 1139
968 1149 79
1149 968 1139
244 1149 1139
538 968 499
1205 346 1019
499 304 1205
444 304 442
499 196 304
79 196 499
304 444 346
499 968 79
1197 1190 273
1149 1020 79
933 538 499
1020 405 687
1020 1149 1027
387 677 679
677 79 687
687 405 156
677 196 79
196 442 304
442 196 437
395 8 437
437 8 442
437 196 677
395 437 387
677 387 437
442 8 444
679 677 687
79 1020 687
405 1020 1027
1190 1197 1198
805 798 66
455 801 12
532 531 1077
1077 1074 1076
1076 138 1077
1076 1087 138
305 1076 1074
1077 138 532
66 761 805
66 532 761
894 761 137
535 761 532
137 761 535
761 894 805
532 138 535
805 894 156
138 534 535
156 405 805
533 137 535
533 534 148
501 148 534
895 148 501
1087 534 138
533 148 500
137 827 894
827 137 948
811 948 6
948 137 533
858 811 841
948 811 827
533 500 948
894 827 889
500 148 903
533 535 534
501 534 1087
217 827 811
387 71 395
71 387 679
679 889 71
889 679 156
687 156 679
395 71 845
947 883 959
883 947 395
883 280 959
280 883 845
280 845 257
102 1192 597
883 395 845
1193 1191 163
71 844 845
395 947 8
829 844 71
829 889 217
217 858 829
858 217 811
889 827 217
829 858 859
844 859 875
859 844 829
284 257 851
875 257 844
851 257 875
284 280 257
859 858 875
257 845 844
875 858 254
829 71 889
156 894 889
635 313 1192
500 6 948
82 1074 1077
1074 82 1084
1195 1191 386
617 349 325
355 126 285
961 407 369
1196 1189 650
573 159 567
1168 385 1180
1004 1107 1172
44 1161 1065
1044 262 571
262 1044 1161
480 1210 527
1161 475 1065
147 1172 1210
475 1172 1065
144 571 566
144 475 1044
219 566 571
527 1210 144
1044 571 144
566 551 144
571 262 979
147 480 1002
707 566 219
979 1153 219
1009 16 609
979 262 1153
1153 16 1009
219 1009 707
518 707 602
518 566 707
609 236 602
236 609 16
602 236 1134
609 602 707
707 1009 609
518 602 275
16 919 236
219 571 979
144 1210 475
518 551 566
46 480 527
480 46 545
46 527 521
527 144 557
1210 480 147
521 527 557
573 521 161
573 567 521
161 550 554
161 554 573
161 521 557
312 161 508
557 508 161
573 554 802
557 551 508
573 802 159
551 518 49
518 275 49
173 610 1119
1134 1119 275
144 551 557
610 275 1119
508 352 312
508 49 352
352 610 188
610 352 49
173 188 610
312 352 292
49 275 610
312 550 161
1119 1134 1150
49 508 551
275 602 1134
352 188 474
236 105 1134
1107 44 1065
818 236 821
821 919 266
821 266 818
294 1057 1208
287 1209 25
822 266 912
105 818 793
105 236 818
793 822 248
822 793 818
248 822 912
417 793 248
818 266 822
370 105 793
912 794 248
105 1150 1134
419 794 51
51 794 912
51 918 397
823 918 265
89 1007 1215
823 397 918
423 419 438
423 248 419
438 397 83
397 438 419
819 83 397
438 83 1032
419 51 397
423 417 248
397 823 819
419 248 794
523 1208 235
439 423 438
173 1150 370
173 1119 1150
52 370 439
370 1150 105
793 417 370
173 370 721
208 721 710
721 208 173
618 636 710
710 636 208
52 710 721
618 710 52
721 370 52
188 208 479
370 417 439
173 208 188
439 213 747
439 438 213
1032 291 213
1059 291 1032
417 423 439
213 291 747
214 618 210
618 52 210
746 741 210
746 747 291
94 708 741
746 210 747
747 210 52
636 618 214
94 741 746
747 52 439
1032 213 438
741 214 210
1032 83 1057
919 821 236
994 603 1209
208 636 479
1016 791 45
802 554 45
544 550 190
45 554 544
554 550 544
45 544 1016
331 1016 172
331 791 1016
645 172 974
974 1016 544
646 974 190
974 172 1016
544 190 974
331 172 641
550 1022 190
641 792 331
1070 646 190
1070 1022 292
1070 292 32
474 292 352
550 312 1022
32 292 474
1038 964 1166
646 1070 1038
964 32 998
32 964 1038
1173 32 507
646 1038 1166
1070 32 1038
645 974 646
998 1005 327
1070 190 1022
312 292 1022
991 964 998
694 641 686
641 172 686
1206 87 686
1206 645 318
172 645 686
694 686 87
621 311 1046
621 135 694
644 131 621
644 694 87
611 131 644
644 621 694
135 641 694
621 131 311
87 739 644
135 792 641
993 318 991
645 646 318
991 327 992
1007 999 327
991 318 964
999 992 327
87 513 739
87 993 513
513 992 89
992 513 993
482 513 89
513 482 739
993 991 992
739 611 644
89 992 999
1206 318 993
998 327 991
482 160 739
474 507 32
888 802 45
507 479 99
479 507 474
507 99 316
214 510 99
479 636 99
529 99 510
1005 316 1006
1005 1173 316
90 1006 529
529 1006 316
528 529 510
528 90 529
316 99 529
1005 1006 1007
510 95 528
316 1173 507
742 95 510
214 741 742
658 178 660
742 741 178
636 214 99
742 178 709
606 528 95
606 95 666
709 658 666
658 709 178
575 186 666
709 666 95
95 742 709
606 666 186
660 178 708
510 214 742
479 474 188
461 528 606
1007 301 1215
89 999 1007
301 90 743
301 1007 1006
1006 90 301
1207 89 1215
988 298 987
987 298 1207
295 743 726
743 295 301
726 743 192
295 726 987
1215 987 1207
726 988 987
90 461 743
1207 482 89
461 1094 368
1094 461 186
186 1073 1094
575 1073 186
90 528 461
1094 1073 978
628 192 368
368 192 461
978 53 1008
978 368 1094
1031 1008 53
978 1008 368
1073 53 978
726 192 715
53 1073 486
461 192 743
606 186 461
587 1218 298
202 666 658
1007 327 1005
178 741 708
396 368 1008
94 746 291
135 621 1046
265 824 819
824 265 930
824 930 235
526 930 50
686 645 1206
235 930 526
1057 1059 1032
819 235 1208
523 294 1208
523 235 526
722 294 523
1208 1057 819
819 824 235
1057 294 1059
526 547 523
265 819 823
1164 321 50
972 1164 347
347 973 972
1159 76 314
304 346 1205
973 132 1174
547 321 711
547 526 321
711 132 615
711 321 1174
674 615 132
547 711 647
321 972 1174
86 523 547
615 586 127
321 526 50
87 1206 993
615 647 711
1056 291 1058
334 1058 1059
334 1059 722
722 1059 294
523 86 722
631 712 722
588 94 1056
94 291 1056
334 712 723
712 334 722
317 723 712
334 723 1056
1056 1058 334
723 286 1056
631 722 86
291 1059 1058
647 692 631
692 647 127
127 619 692
586 619 127
647 615 127
692 619 630
631 317 712
631 692 317
630 145 413
317 692 630
435 413 145
630 413 317
619 145 630
723 317 59
145 619 476
647 631 86
86 547 647
413 59 317
132 973 699
83 819 1057
672 314 76
314 973 1159
353 309 69
342 309 76
176 1204 1095
672 76 309
674 586 615
674 699 676
633 676 672
676 699 314
353 672 309
674 676 61
314 672 676
672 353 633
309 342 69
314 699 973
293 69 342
293 908 769
769 1 915
1 769 908
1203 624 1214
293 769 893
353 69 601
815 69 892
815 892 171
892 69 293
892 293 893
891 892 893
769 915 893
207 893 915
1203 197 394
293 342 908
997 1095 1204
815 601 69
476 586 61
586 674 61
633 700 61
700 633 601
676 633 61
756 61 700
1039 476 756
1039 145 476
130 756 401
756 130 1039
756 476 61
414 130 401
700 401 756
409 145 1039
700 170 401
619 586 476
815 170 601
815 171 170
171 891 925
171 892 891
633 353 601
925 891 207
400 401 170
400 170 464
464 925 77
464 170 171
33 1062 1201
400 464 458
171 925 464
458 464 77
326 603 1202
170 700 601
207 891 893
409 1039 130
603 362 1202
132 699 674
499 1205 201
400 414 401
660 588 181
660 708 588
286 181 588
671 181 59
588 1056 286
660 181 659
202 659 665
202 658 659
659 691 665
659 181 691
691 671 669
665 691 107
181 671 691
202 665 575
181 286 59
202 575 666
424 669 671
59 413 424
424 435 195
424 413 435
286 723 59
404 435 409
1014 107 669
107 691 669
195 404 446
195 669 424
199 1042 446
1014 669 195
435 404 195
450 195 446
446 404 449
671 59 424
435 145 409
665 107 604
575 185 486
575 665 185
185 604 517
604 107 490
604 185 665
517 604 490
486 559 53
486 185 559
490 64 517
559 185 517
64 516 558
517 64 559
516 64 490
559 64 540
490 1040 516
575 486 1073
490 107 1040
1040 1014 450
984 450 1042
450 984 1040
1014 195 450
1040 984 189
558 516 189
558 189 488
62 488 577
1042 488 189
1042 577 488
488 62 558
189 984 1042
536 558 62
450 446 1042
189 516 1040
1014 1040 107
548 64 558
404 409 70
660 659 658
381 416 70
416 381 414
414 73 416
414 400 73
409 130 381
416 73 907
449 70 451
449 199 446
416 451 70
416 810 451
179 810 907
180 449 451
416 907 810
810 180 451
73 890 907
381 70 409
809 458 807
809 890 73
807 914 206
914 807 458
458 77 914
809 807 817
890 177 907
890 809 177
817 206 926
177 809 817
166 1200 1199
817 926 177
807 206 817
177 179 907
1023 1200 74
809 73 458
400 458 73
926 583 177
585 199 180
180 199 449
584 582 75
582 584 180
180 179 582
585 180 584
62 429 406
429 577 585
75 431 429
75 585 584
431 75 420
75 429 585
577 199 585
429 62 577
582 425 75
199 577 1042
430 75 425
582 583 425
583 60 425
60 583 926
179 177 583
425 60 459
430 1184 1191
420 75 430
386 1184 1110
1110 1175 169
377 120 1198
169 1160 1110
425 459 1175
1186 431 1193
465 1143 1212
582 179 583
180 810 179
431 1177 429
166 578 1200
449 404 70
414 381 130
53 559 549
1201 209 718
708 94 588
482 1207 298
1110 1184 1175
982 25 1209
982 1126 25
1126 738 25
738 1126 311
1128 311 1126
1209 603 982
790 110 657
47 657 652
651 652 657
110 289 657
110 994 1036
652 651 229
603 994 110
652 229 243
1209 287 994
1102 652 243
287 1036 994
25 595 287
1176 287 595
287 1176 1037
738 642 595
287 1037 1036
651 289 101
289 651 657
1035 101 289
1035 1036 1037
638 101 1035
1035 289 1036
110 1036 289
229 651 354
354 651 101
738 595 25
131 738 311
354 724 229
14 421 733
960 732 733
639 733 732
729 732 243
229 729 243
14 733 639
349 1100 290
617 162 349
14 690 649
162 649 689
649 162 655
14 649 655
421 14 655
349 162 675
729 268 732
617 655 162
268 724 623
724 268 729
693 623 656
713 623 724
729 229 724
268 623 693
690 689 649
690 639 693
675 689 634
690 168 689
690 693 168
675 162 689
639 268 693
14 639 690
93 623 713
268 639 732
354 713 724
143 349 675
313 1035 1037
1126 982 326
642 611 1068
642 738 131
597 157 1033
1068 157 642
611 160 1068
1185 313 1037
638 356 101
638 313 635
635 714 638
638 714 356
1192 313 1185
635 1192 102
1185 1037 1176
101 356 354
157 1068 1033
638 1035 313
597 1033 412
1068 1055 1033
1055 412 1033
412 1055 587
1218 1055 160
597 389 102
725 3 356
725 714 358
102 983 358
744 725 358
725 744 3
358 714 635
102 358 635
725 356 714
412 389 597
1068 160 1055
739 160 611
356 3 338
93 656 623
713 338 93
338 758 93
758 338 785
356 338 354
93 758 656
766 168 337
168 693 656
96 634 333
766 634 168
333 634 766
96 675 634
337 168 656
634 689 168
656 758 337
713 354 338
786 337 758
758 348 786
921 348 785
1153 1009 219
785 338 921
913 337 786
799 766 337
766 98 764
764 333 766
799 98 766
764 920 333
333 920 788
799 337 913
96 333 759
759 788 343
758 785 348
3 921 338
759 333 788
1152 1098 384
595 642 157
642 131 611
836 675 96
1146 478 13
1146 1100 143
504 143 502
143 504 1146
349 143 1100
1146 504 478
146 501 478
903 224 500
896 903 895
903 148 895
895 501 146
477 895 146
478 504 146
500 224 6
504 503 146
1064 1100 1146
576 65 477
477 896 895
503 502 136
836 502 143
503 477 146
503 576 477
224 896 842
224 903 896
224 842 863
842 896 65
842 65 843
863 842 255
896 477 65
6 224 862
808 502 836
503 504 502
836 143 675
862 224 863
841 840 872
840 841 6
876 872 874
840 253 872
840 6 862
841 872 254
851 875 254
851 254 876
851 852 80
852 851 876
258 852 876
80 852 949
254 872 876
80 284 851
862 873 840
254 858 841
253 873 847
873 253 840
849 847 72
873 848 847
873 862 255
253 847 874
874 258 876
258 874 849
258 881 949
881 258 849
866 881 849
949 881 281
874 847 849
258 949 852
255 878 873
253 874 872
862 863 255
163 375 1193
842 877 255
841 811 6
136 808 760
808 136 502
902 136 760
808 340 760
808 836 886
902 576 136
843 877 842
65 860 843
877 843 256
65 218 860
860 218 861
880 843 860
218 576 902
877 878 255
340 808 886
576 218 65
825 760 340
886 787 340
340 909 825
787 909 340
787 759 343
825 902 760
861 880 860
218 902 887
861 218 887
950 861 887
282 880 861
880 256 843
887 902 7
256 880 853
825 7 902
886 759 787
836 96 886
877 256 853
848 878 850
848 873 878
846 850 867
878 259 850
878 877 879
848 850 72
72 866 849
866 72 846
866 868 281
868 866 846
251 868 846
281 868 953
72 850 846
866 281 881
879 854 878
848 72 847
878 854 259
854 879 853
854 882 259
854 853 81
880 951 853
259 882 867
867 251 846
251 867 869
251 838 953
838 251 869
869 882 283
953 838 4
867 882 869
251 953 868
854 952 882
259 867 850
879 877 853
1200 460 1194
869 954 838
576 503 136
759 886 96
465 1199 1194
913 786 348
243 732 960
988 299 1099
988 726 299
299 715 985
715 192 628
715 299 726
599 715 628
54 389 412
298 54 587
299 985 1099
985 715 599
440 985 599
54 1099 1104
988 1099 54
985 1104 1099
599 628 104
1055 1218 587
396 1008 1011
628 368 396
239 1031 549
1031 53 549
1011 1008 1031
245 549 540
398 1011 239
1011 398 396
398 239 433
239 1011 1031
239 549 245
768 239 245
540 246 245
745 245 246
540 548 246
628 396 104
540 549 559
104 396 398
389 54 307
307 54 1104
440 104 422
440 1104 985
104 440 599
307 1104 440
980 466 307
307 466 389
443 422 276
443 307 440
276 422 432
103 307 443
440 422 443
276 931 443
104 433 422
466 983 102
67 433 768
433 104 398
955 745 247
955 768 245
239 768 433
67 768 955
276 432 803
668 432 67
67 247 664
247 67 955
740 664 247
67 664 668
432 433 67
432 668 139
247 745 731
433 432 422
955 245 745
664 653 668
745 246 731
466 102 389
230 548 536
536 62 406
536 406 447
969 129 1177
548 558 536
375 969 1186
462 230 447
230 536 447
1021 129 1101
129 1021 447
1133 1101 129
1021 1101 467
406 129 447
462 447 1021
129 969 1133
230 731 246
975 375 163
969 1177 1186
1187 1195 1143
1143 386 1110
375 1186 1193
465 1194 1187
1023 1133 975
975 1133 375
1178 1194 460
975 163 1178
975 1178 460
1023 975 460
78 1212 1143
1133 467 1101
1143 1160 78
375 1133 969
540 64 548
465 1212 1199
68 662 247
68 731 727
68 727 716
727 731 230
462 727 230
716 727 462
697 662 685
662 68 685
462 612 716
612 462 142
612 142 469
716 612 685
68 716 685
140 685 612
1021 142 462
68 247 731
467 1023 74
467 142 1021
467 74 468
1200 1023 460
166 1199 1212
1199 1200 1194
141 469 468
469 467 468
578 166 754
578 468 74
754 166 755
468 578 579
578 74 1200
470 612 469
755 165 754
467 469 142
467 1133 1023
740 247 662
274 457 1197
230 246 548
298 988 54
128 578 754
983 1028 232
983 466 1028
1028 980 828
980 307 103
466 980 1028
828 980 103
730 744 232
232 744 983
828 797 830
828 232 1028
830 797 225
232 828 260
103 797 828
830 260 828
103 931 797
3 744 730
885 225 797
931 276 885
906 803 927
906 885 276
906 276 803
885 906 804
916 225 804
225 885 804
1113 319 1034
319 804 906
927 139 319
804 319 55
927 319 906
225 916 830
927 803 139
885 797 931
931 103 443
1157 319 1113
913 98 799
1113 345 1157
920 343 788
1161 1044 475
973 347 1159
98 920 764
909 7 825
1162 1106 323
950 282 861
41 735 1165
964 318 1166
282 951 880
321 1164 972
7 950 887
1110 1160 1143
343 909 787
1156 1107 320
260 730 232
654 388 1167
55 916 804
260 830 916
1019 346 1158
81 952 854
434 385 1168
283 954 869
1182 1170 456
765 1171 454
954 4 838
372 371 1169
952 283 882
1210 1172 475
1131 264 1155
1072 1154 1118
951 81 853
55 319 1157
358 983 744
139 653 1034
803 432 139
227 740 231
227 653 664
653 139 668
653 227 324
1114 1034 324
1034 653 324
661 231 695
227 1115 324
695 231 697
661 695 749
231 661 227
661 1115 227
662 231 740
139 1034 319
697 140 696
662 697 231
470 140 612
697 685 140
469 141 470
648 140 470
470 141 1061
141 468 579
688 128 753
128 754 753
752 753 165
579 128 637
128 579 578
1029 141 579
117 273 1196
696 695 697
753 754 165
753 752 688
1163 1114 324
324 1115 1163
749 48 661
648 696 140
167 695 696
750 696 648
1115 48 1163
345 1114 1163
318 646 1166
749 695 167
750 167 696
388 495 1167
1115 661 48
735 1103 1165
648 63 750
1114 345 1034
1061 1029 581
1029 1061 141
637 688 751
688 637 128
579 637 164
579 164 1029
371 111 1169
581 63 1061
884 1171 901
751 164 637
2 751 688
1004 1172 147
581 1029 164
1170 1182 1183
688 752 2
1061 63 648
648 470 1061
1179 1168 384
650 117 1196
1034 345 1113
664 740 227
1143 1195 386
273 274 1197
54 412 587
430 1191 420
1191 1195 163
457 377 1198
521 567 46
1179 403 1211
1191 1193 420
301 295 1215
987 1215 295
1219 1216 362
445 1216 125
1144 277 1217
160 482 1218
298 1218 482
790 1219 362
1219 363 900
127
1 908
2 752
3 730
954 4
5 941
0 934
909 7
8 947
9 910
10 1152
16 1153
19 911
18 1154
21 922
27 1155
22 1217
35 37
37 935
38 734
44 1156
50 930
749 48
51 912
55 1157
56 1158
57 937
60 926
581 63
76 1159
77 925
78 1160
80 949
951 81
913 98
100 956
751 164
165 755
750 167
169 459
204 924
205 698
206 914
207 915
916 260
261 923
262 1161
263 917
264 560
265 918
266 919
277 562
278 940
279 945
280 284
281 953
950 282
952 283
284 80
342 76
920 343
344 1162
345 1163
346 444
347 1164
921 348
444 8
459 60
560 18
562 35
164 581
698 21
734 27
260 730
167 749
63 750
751 2
752 165
755 78
908 342
343 909
910 261
911 204
912 266
348 913
914 77
915 1
55 916
917 9
918 51
919 16
98 920
3 921
922 263
923 19
924 10
925 207
926 206
930 265
934 38
935 0
937 278
940 5
941 279
945 56
947 959
949 281
7 950
282 951
81 952
953 4
283 954
956 57
959 280
1152 100
1153 262
1154 205
1155 264
1156 344
1157 345
1158 346
1159 347
1160 169
1161 44
1162 22
1163 48
1164 50
1217 277
