960
0.0 0.0
1.0 0.0
1.0 0.5
0.5 0.5
0.5 1.0
0.0 1.0
0.375 0.875
0.5 0.75
0.25 1.0
0.0 0.5
0.0 0.75
0.25 0.625
0.1875 0.8125
0.3541666666666667 0.7291666666666666
0.38888888888888884 0.5902777777777777
0.12313964273867245 0.5662207145226551
0.5 0.0
0.24216437302014998 0.49286086019400754
0.0 0.25
0.0 0.625
0.11901441392723312 0.4262902080702764
0.0 0.375
0.25 0.0
0.23490100152126045 0.35910374820315394
0.12118862852696956 0.29650366337931544
0.39838786643312574 0.37134262757616526
0.04553363052158821 0.3125
0.0 0.125
0.2101064310969517 0.2695641290249454
0.12908516093114525 0.1623545461112914
0.3225275805033182 0.2866361578144809
0.28680553017533794 0.14318100239105327
0.5038029264152828 0.2006142152994981
0.07846461556004394 0.22668179509213213
0.0598360008708609 0.15994168121117563
0.125 0.0
0.0972208784370992 0.08192764595831431
0.0625 0.0
0.0 0.0625
0.03125 0.03125
0.07448986748361325 0.04323986748361325
0.045836153005969486 0.08609705634678722
0.1875 0.06686515177071335
0.20692314156990577 0.144359188334713
0.375 0.0
0.38951230674242077 0.19378097271361072
0.3730908473436518 0.09757687847568827
0.3569248978245137 0.4792173085244496
0.75 0.5
0.47652652016463637 0.10078812561271083
0.75 0.0
0.625 0.0
0.598719590889228 0.12103971944251551
0.6761566780855413 0.3098025467072299
0.5420871816488495 0.36230527972928606
0.625 0.5
0.125 1.0
0.0 0.875
0.1214275131558205 0.6982174605325385
0.7585455389015542 0.16573865707239388
1.0 0.25
0.875 0.07664459338171421
0.8436348931805022 0.309991178373379
0.875 0.5
0.7598957856330217 0.30989686254030446
0.4375 0.8125
0.28125 0.84375
0.7130783390427706 0.4049012733536149
0.7968174465902511 0.4049955891866895
0.9375 0.038322296690857106
0.8593174465902511 0.19331788587754659
0.3125 0.9375
0.4375 0.9375
0.9375 0.1633222966908571
0.9218174465902511 0.4049955891866895
0.9218174465902511 0.2799955891866895
0.875 0.0
1.0 0.125
1.0 0.375
0.2265625 0.9140625
0.375 1.0
0.5 0.875
0.27083333333333337 0.7708333333333333
0.674359795444614 0.06051985972125776
0.09375 0.78125
0.30208333333333337 0.6770833333333333
0.7542727694507771 0.08286932853619694
0.45109539642420426 0.2859784214378317
0.21875 0.71875
0.5229450540320661 0.28145974751439207
0.589979802250412 0.255208381003364
0.0625 0.9375
0.15625 0.90625
0.4444444444444444 0.5451388888888888
0.678632564895391 0.1433891882574547
0.6374381344873846 0.2154211330748727
0.4444444444444444 0.6701388888888888
0.09375 0.84375
0.5 0.625
0.5729790096944427 0.1867319569860821
0.0 0.8125
0.43103757060844705 0.47188064245825956
0.49153596365898233 0.42213346424122855
0.5714840222669999 0.43841430403905135
0.6241198496327259 0.3743521776099016
0.549359795444614 0.06051985972125776
0.30466655533932807 0.2149085801027671
0.7592206622672879 0.23781775980634917
0.1769577077242468 0.39269697813671517
0.06071375657791025 0.6616087302662692
0.3776563821288197 0.42527996805030743
0.061569821369336225 0.5956103572613276
0.05950720696361656 0.4631451040351382
0.29954463542233184 0.4860390843592286
0.061569821369336225 0.5331103572613276
0.3194444444444444 0.6076388888888888
0.2385326872707052 0.42598230419858074
0.18058939347369155 0.45957553413214197
0.12228357794724648 0.6322190875275968
0.18656982136933623 0.5956103572613276
0.18265200787941122 0.5295407873583313
0.12107702833295278 0.49625546129646575
0.3166444339771931 0.3652231878896596
0.3155266309545194 0.5415693189858926
0.246082186510075 0.5589304300970037
0.29591294967288706 0.4191605283638018
0.1790601111436474 0.6659602743595086
0.8146363847253886 0.07975696095895557
0.9609087232951256 0.4524977945933447
0.8827261698853767 0.35749338378003426
0.8671587232951256 0.1349812396296304
0.424741631428665 0.32866052450699845
0.8146363847253886 0.04143466426809847
0.16959579601404848 0.21595933756811841
0.20851478633342874 0.2069616586798292
0.38681148846376123 0.28630728962615626
0.4409722222222222 0.7413194444444444
0.328125 0.859375
0.31770833333333337 0.7864583333333333
0.6690391695213853 0.45245063667680746
0.8359087232951256 0.4524977945933447
0.8984087232951256 0.4524977945933447
0.8593174465902511 0.4049955891866895
0.3993055555555556 0.6996527777777777
0.4257632600823182 0.050394062806355416
0.8167727694507771 0.12119162522705404
0.39583333333333337 0.7708333333333333
0.3740454236718259 0.048788439237844136
0.36458333333333337 0.8020833333333333
0.32994818875949483 0.12037894043337077
0.26840276508766897 0.07159050119552664
0.3115454236718259 0.048788439237844136
0.18093610170320656 0.176341367920725
0.1639982689683294 0.13602963253314418
0.12315655886537745 0.11817780019963477
0.3289820966394061 0.17076612599799149
0.291015625 0.892578125
0.4556152755625366 0.3772002645621257
0.14275372831759298 0.07675363093641925
0.37128454949131545 0.146374352148723
0.47545234826605554 0.33049447557162936
0.42404146213587646 0.12389504545868565
0.39566870210727967 0.6448156130268198
0.9442855046668037 0.34666990161008493
0.9375 0.5
1.0 0.4375
0.9663347593770288 0.40819660107338995
0.8125 0.5
0.4433315580651225 0.611200125302719
1.0 0.3125
0.9375 0.1008222966908571
0.96875 0.08166114834542855
0.4203038515833125 0.2398796970757212
0.5376230555269321 0.11091392252761317
0.046875 0.765625
0.14907316812560817 0.3446003207580153
0.203125 0.765625
0.96875 0.20666114834542854
0.6580353496913878 0.1794051606661637
0.9296587232951256 0.2216589429387733
0.8905674465902511 0.23665673753211802
0.7189266135813395 0.19060347403190192
0.07723187828895513 0.7214293651331346
0.178044815024115 0.3278037057912347
0.26631700580013495 0.2781001434197131
0.7176886701764146 0.27381015325678953
0.656797406286463 0.2626118398910513
0.08336112952427888 0.3045018316896577
0.5247527649295396 0.14376004129939646
0.8014277777238951 0.2739044690898641
0.4466576165788518 0.1971975940065544
0.022766815260794104 0.34375
0.607049825941569 0.31478027930663277
0.2225037163091061 0.3143339386140497
0.030356878288955124 0.7058043651331346
0.8092690544287695 0.21556782284194786
0.23828125 0.95703125
0.15446375657791026 0.7553587302662692
0.05950720696361656 0.4006451040351382
0.8514761698853767 0.2516545321254628
0.12010152122710134 0.3613969357247959
0.17578125 0.95703125
0.6983293983773362 0.22661944644061094
0.08227402222441066 0.3693951040351382
0.0 0.6875
0.0 0.3125
1.0 0.1875
1.0 0.0625
0.5641480965224215 0.14025196826844616
0.09470983003532828 0.2647236951274888
0.6357293291473565 0.14275087678728207
0.057493823700895466 0.2756139303963078
0.12497044789977634 0.22931177295918068
0.6393117393713765 0.09424440669943676
0.6165153389678562 0.179557903320032
0.2687372573099681 0.3256327106241425
0.15995402853159 0.2649831570499797
0.34375 0.90625
0.46875 0.78125
0.4628816300411591 0.025197031403177708
0.02975360348180828 0.4190725520175691
0.140625 0.828125
0.046875 0.859375
0.030784910684668113 0.5165551786306638
0.40625 0.84375
0.5982420111335 0.4692071520195257
0.15625 0.033432575885356676
0.7315391695213853 0.45245063667680746
0.030784910684668113 0.5790551786306638
0.40068467113447903 0.5121780987066692
0.8202261698853767 0.35749338378003426
0.7734087232951256 0.4524977945933447
0.5357420111335 0.4692071520195257
0.171875 0.859375
0.02991800043543045 0.20497084060558782
0.712179897722307 0.03025992986062888
0.524679897722307 0.03025992986062888
0.234375 0.828125
0.21875 0.033432575885356676
0.6946175085641559 0.35735191003042244
0.109375 0.921875
0.078125 0.890625
0.125 0.875
0.37290689335670124 0.5347475431511136
0.20703125 0.86328125
0.7364870623378962 0.3573990679469597
0.7783566161116364 0.35744622586349695
0.7549478928165109 0.40494843127015223
0.587179897722307 0.03025992986062888
0.09375 0.96875
0.03125 0.90625
0.46875 0.96875
0.03125 0.96875
0.40625 0.90625
0.375 0.9375
0.4375 0.875
0.46875 0.84375
0.34375 0.96875
0.40625 0.96875
0.46875 0.90625
0.5625 0.5
0.0 0.5625
0.4375 0.0
0.0 0.4375
0.0 0.1875
0.6875 0.0
0.5625 0.0
0.029753603481808305 0.4815725520175691
0.4073881080524777 0.5488072219219838
0.06058906551836875 0.4981262403663882
0.09137670407466342 0.5147689357808796
0.12226011728012591 0.5312336132996947
0.15196083726746615 0.512719942194678
0.18187388519787354 0.49455069672535673
0.2115214853125269 0.4759506958258331
0.5069883349810479 0.06988349534479515
0.6192049175056146 0.42396872705597544
0.1875 0.0
0.0 0.9375
0.0625 1.0
0.3125 1.0
0.4375 1.0
0.5 0.8125
0.5 0.9375
0.34375 1.0
0.1989050555718237 0.6923551371797543
0.7185890518984726 0.1545639226649243
0.4166358288456782 0.4012401163062166
0.3107638888888889 0.642361111111111
0.40434697636863337 0.4485803052542835
0.3506944444444445 0.6883680555555555
0.6764961801700025 0.10195452398935623
0.4857051907541957 0.17047881765297543
0.96875 0.019161148345428553
0.7143162824476956 0.07169459412872735
0.5649974399868176 0.2981200134105124
0.2854917805697315 0.2465043617612401
0.24479166666666669 0.7447916666666666
0.5325161178404578 0.32188251362183906
0.5745685037952093 0.3385427795179594
0.23741589606678185 0.24253090104977115
0.5564624281412391 0.26833406425887807
0.3546695344835397 0.2864717237203186
0.295736042757333 0.1790447912469102
0.212890625 0.978515625
0.3125 0.75
0.150390625 0.978515625
0.5567856019579247 0.4003597918841687
0.24686433587262185 0.14377009536288315
0.90625 0.019161148345428553
0.2760416666666667 0.6510416666666666
0.3925996774484435 0.3288249586011608
0.46159206837174405 0.14899285980963262
0.44332642308549186 0.42454045351019265
0.8448181923626943 0.020717332134049235
0.328125 0.703125
0.5468913643328475 0.22791129815143107
0.7564091541761657 0.12430399280429541
0.47744916141974353 0.2432963183686649
0.6470195847606927 0.47622531833840376
0.34327271183591296 0.024394219618922068
0.7823181923626943 0.020717332134049235
0.23766295332878737 0.10797484476511982
0.28077271183591296 0.024394219618922068
0.7095195847606927 0.47622531833840376
0.3488760177203065 0.6609494731800765
0.3575161502051594 0.3682829077329124
0.5133739902236745 0.24103698140694507
0.234375 0.671875
0.24766015825438334 0.17507133053544124
0.35172796122047717 0.3257652387579079
0.388161897603091 0.2400441311698835
0.3470894310408744 0.2043447764081889
0.4722222222222222 0.6475694444444444
0.7164526671730841 0.11312925839682582
0.28645833333333337 0.7239583333333333
0.2604166666666667 0.6979166666666666
0.4722222222222222 0.5850694444444444
0.4722222222222222 0.5225694444444444
0.25659067083637843 0.21093511939129816
0.4722222222222222 0.7100694444444444
0.34573902190154465 0.25060793486446165
0.9375 0.0
0.5 0.6875
0.3125 0.0
0.6875 0.5
0.1875 1.0
0.8125 0.0
0.5 0.5625
0.37911010628303937 0.6727139104721387
0.14124820106907895 0.9419652035361842
0.18070739268589756 0.726694656812611
0.4925241909816387 0.13855229523538926
0.9052509094580276 0.05585402393511829
0.43774100752644574 0.5085097656735742
0.16563172496308506 0.6967140192973006
0.4665388015868139 0.48719572588462556
0.1425384009566246 0.6683219237565995
0.4957155959259205 0.461072426430593
0.15875268954725053 0.635491986031827
0.1436021698967901 0.5994908724399195
0.1966145184883953 0.6322583898776017
0.33436767219758395 0.40298820534367447
0.32974747230213475 0.445807431271169
0.06915030821545243 0.19331173815165387
0.207745197497476 0.409339641167648
0.17877355059896916 0.42613625613442857
0.08926081044542485 0.4447176560527073
0.6416032520135551 0.3122914130069313
0.2708545042212409 0.4894499722766181
0.5740396931669209 0.09077978958188664
0.06114178897362324 0.6286095437637984
0.09192669965829135 0.6139147223944622
0.09149866726257837 0.646913908896933
0.1158478174334327 0.738394047699702
0.9135058372760902 0.3520816426950596
0.2847222222222222 0.6163194444444444
0.21436709719474312 0.5442356087276675
0.18461091462437373 0.5625755723098295
0.2163260039397056 0.5772703936791657
0.23671684439598284 0.39254302620086734
0.8632380849426884 0.1641495627535885
0.14980190370046234 0.44293287110120916
0.09446058090100307 0.16114811366123352
0.0234375 0.7890625
0.0234375 0.8359375
0.9721427523334019 0.32958495080504246
0.275390625 0.947265625
0.05283607693841519 0.12301936877898142
0.516811572653916 0.3922193719852573
0.07852843965398004 0.12093466358474497
0.26722281847179613 0.42257141628119127
0.26903866134651855 0.45601069427890467
0.1037748882455946 0.19451817060171178
0.12410687828895513 0.7683043651331346
0.28125 0.96875
0.6501382638591335 0.34207736215856577
0.649679897722307 0.03025992986062888
0.659368679098441 0.365852043820162
0.12004572113009296 0.4612728346833711
0.9375 0.1320722966908571
0.9023293616475627 0.11790176816024375
0.2757727177492268 0.36216346804640676
0.0703125 0.7734375
0.8342932505095103 0.20444285435974724
0.2490234375 0.8779296875
0.8631805315329395 0.3337422810767066
0.2788455019873347 0.5172150895899501
0.3522077599217041 0.5659235483818351
0.8380451080205141 0.1572547555523003
0.2441232797651125 0.5258956451455057
0.24804109325503748 0.5919652150485019
0.4988512286056931 0.3697527721457059
0.7876591541761657 0.14346514114972397
0.9023293616475627 0.14915176816024375
0.26540697559707377 0.38913213828347787
0.8984087232951256 0.17832009128420184
0.5929497443057675 0.07564982465157219
0.0703125 0.8203125
0.6307698465834606 0.04538989479094332
0.9330514756285274 0.3133327453983872
0.35416666666666663 0.5989583333333333
0.6216623835691703 0.3991604523329385
0.6132458185468418 0.06225216828003282
0.7839072966651619 0.19065323995717087
0.9609087232951256 0.2649977945933447
0.2808044087322972 0.5502498745414481
0.3174855376994819 0.5746041039373907
0.2827633154772597 0.5832846594929463
0.8827261698853767 0.29499338378003426
0.9609087232951256 0.2962477945933447
0.9022718082378138 0.31874448648336184
0.6661416282741925 0.4144350002047952
0.6685990943377482 0.38962672548175825
0.046875 0.8125
0.8130209119397733 0.16837972403450097
0.06629144554489882 0.7464381633653036
0.2597133091517857 0.9630824497767857
0.6370601557410289 0.06946407833584989
0.6151957899052141 0.08727823754795888
0.58892139238818 0.3833913310951449
0.08885347902145421 0.7568770629356374
0.24375594545283627 0.9786205376037719
0.5966546815940038 0.4092090849341659
0.21875 1.0
0.29462214106243095 0.38488491292133986
0.8316245801366631 0.23214687225577837
0.8514761698853767 0.36329217851895074
0.03695876182888998 0.7361722747779602
0.8564420710133966 0.2205569468108444
0.8049978653456776 0.244689026951445
0.8825018141347193 0.20953653885908446
0.09031604057064996 0.4796557971881903
0.029514339707516078 0.6447016734245975
0.08955256143507484 0.6824307446086157
0.1524373484046732 0.7926724147218683
0.15294633479610828 0.547877755813537
0.2144612885937775 0.5110790785367726
0.9709182132165823 0.1476972966908571
1.0 0.28125
0.9335834156563388 0.37603765784665305
0.6218450766887881 0.2790852114417481
0.8305779473191172 0.3888104459600255
0.12028288378885289 0.8014027978919469
0.9651675302417332 0.1164472966908571
0.9667286453095867 0.37148243378798745
0.5301175274600093 0.4290973345296374
0.8905674465902511 0.4049955891866895
0.9101130849426884 0.42874669189001713
0.8788630849426884 0.42874669189001713
0.8671587232951256 0.4524977945933447
0.014959000217715224 0.2274854203027939
0.140625 0.016716287942678338
0.028746911850447733 0.29405696519815394
0.5142778456724112 0.17218712829944727
0.4003816300411591 0.025197031403177708
0.8458863847253886 0.09891810930438413
0.4166666666666667 0.7916666666666666
0.375 0.75
0.5488658873119912 0.1652459991427393
0.3735681355077388 0.0731826588567662
0.24357638254383449 0.05251153854044166
0.49919870114906084 0.3059771115430107
0.1689994217778525 0.2963934314206072
0.14852961447567406 0.3770469569307555
0.1775012613741809 0.36025034196397493
0.696922674130978 0.2918063499820097
0.2899740943797474 0.06018947021668539
0.8225313354521986 0.29194782373162154
0.02991800043543045 0.17372084060558782
0.7595582239501548 0.2738573111733268
0.20647290827268772 0.34345372699719434
0.14798606082573995 0.40949359310349576
0.20592935462275364 0.3759003631699346
0.35151951805157333 0.10897790945452952
0.02991800043543045 0.14247084060558782
0.1495018641587965 0.05509310341088797
0.3083768594674164 0.13177997141221204
0.25303285920822816 0.08978267298032322
0.201171875 0.935546875
0.3697916666666667 0.8385416666666666
0.359375 0.765625
0.4201388888888889 0.720486111111111
0.4184027777777778 0.7560763888888888
0.3975694444444445 0.7352430555555555
0.061569821369336225 0.5643603572613276
0.09974493374180662 0.021619933741806624
0.5383909680548628 0.1936730861427901
0.4502839911502564 0.11234158553569824
0.09235473205400434 0.5809155358919913
0.6052085720909137 0.2010765450304774
0.2282064766643937 0.07070371032523824
0.11955796757716723 0.39384357189753616
0.4870202252281352 0.2837190844761119
0.09235473205400434 0.5496655358919913
0.04370591206816296 0.24029238550094784
0.7806617816784585 0.2919006658150843
0.7387922279047181 0.291853507898547
0.46970407510289774 0.06299257850794426
0.2926908456435806 0.345427949256901
0.10862179790060311 0.05999674921001625
0.3985661547397641 0.11073596196718696
0.23697916666666669 0.7682291666666666
0.7332263335865421 0.05656462919841291
0.2125814766643937 0.08741999826791658
0.17574913448416468 0.10144739215192877
0.7472490450425007 0.025488630997339057
0.399427053712985 0.07398547064102184
0.6137089683688983 0.23531475703911836
0.5814794059724273 0.22097016899472305
0.33622576438951657 0.510393313755171
0.2760416666666667 0.8072916666666666
0.2994791666666667 0.8151041666666666
0.3463541666666667 0.8307291666666666
0.34114583333333337 0.7942708333333333
0.3229166666666667 0.8229166666666666
0.8319305315329395 0.3337422810767066
0.21875 0.796875
0.19140625 0.91015625
0.27760414763150343 0.10738575179328996
0.748191423985459 0.33364796524363205
0.19721157078495288 0.10561217005271317
0.29563241890664316 0.3061344342193117
0.028746911850447733 0.26280696519815394
0.41808496166063625 0.19548928336008256
0.3423181355077388 0.0731826588567662
0.31958600724025565 0.3259296728520702
0.7682954809067357 0.05179333033512309
0.7900609777591991 0.33369512316016936
0.7063218702117187 0.3336008073270948
0.4353495393573641 0.16054631973262
0.45114489012347725 0.07559109420953312
0.11536993374180662 0.03833622168448496
0.2526041666666667 0.7994791666666666
0.4067768844391486 0.1588380090861482
0.29917547692358193 0.0959847208144487
0.3207468062156604 0.08458368983560746
0.4249023611090973 0.08714455413252054
0.801765339406762 0.3099440204568417
0.7180262318592815 0.30984970462376715
0.0 0.21875
0.18268440391196286 0.12309152235253956
0.15625 0.0
0.1651346862270984 0.0718447869272931
0.2689477765682166 0.046514150133976404
0.3294651426994505 0.14557253321568114
0.4489626049625818 0.05240706099569733
0.3721876984174836 0.12197561531220563
0.17163612133129186 0.05010740208222025
0.25088288547522625 0.026756663928673437
0.3074737105412482 0.15617870824872943
0.4391984021803436 0.03024719284377217
0.3506074399001386 0.13335975174362352
0.3933098129623808 0.13497356007446104
0.18142300567438246 0.025640972009727432
0.6885406624641646 0.26115511440628514
0.44321469907407407 0.7693865740740741
0.8500245686180853 0.2811547290238739
0.9408764346743409 0.42914717393365304
0.9296587232951256 0.4590388191483605
0.09093110739239889 0.4095918789851589
0.90625 0.5
0.9257380849426884 0.2508272660627314
0.9648293616475627 0.23582947146938663
0.9061924465902511 0.2583261633594037
0.8866468082378138 0.26582506065607614
0.8448181923626943 0.07820077717033488
0.5156836732230754 0.3458176428837725
0.6987795892383653 0.16699633114467832
0.1890552911737386 0.21146049812397383
0.2223278058717164 0.6121118024630519
0.13513089832628886 0.32055199206866536
0.18503022981427086 0.2672736430374626
0.10118777172575599 0.36539601987996706
0.06444738002293354 0.30850091584482886
0.4270015709978312 0.3742714460691455
0.22330725924419764 0.6286291949388009
0.47357561961075945 0.3996668644016771
0.3156154012356381 0.2485561483128509
0.5993441767139676 0.3564474785639305
0.14246223821568316 0.24714746500458018
0.9213754547290138 0.0783381603129877
0.4971919864126024 0.04662625418428657
0.36758626616698953 0.3967814378916099
0.7384546662218512 0.25581395653156935
0.10227487902562421 0.3005027475344866
0.6471177703869238 0.239016486482962
0.034150222891191157 0.328125
0.20771896395166725 0.17566042350727112
0.4937807638817331 0.027728480631903293
0.5070747878457842 0.105851024070162
0.45009698984736024 0.3295775000393139
0.8332433353071214 0.42065412027668514
0.2163050737030289 0.29194903381949755
0.24441036105462052 0.2962170410168814
0.8146363847253886 0.06059581261352702
0.030149625196092093 0.6118784260276307
0.3722723599137931 0.6528825431034482
0.6076174649285421 0.15029881138127377
0.8157045770880829 0.1004742930930048
0.20963334140500145 0.4426451684967405
0.4057765599462131 0.30748390706657736
0.011383407630397052 0.359375
0.42591627624846107 0.5469730554054364
0.14073977119825887 0.7175540334985013
0.12733192928345913 0.26485342608873425
0.16477491227281924 0.24047124730904906
0.22502708629161605 0.45096650001220695
0.6155848377871475 0.3445662284582672
0.11643002458836993 0.1784363583565016
0.7865909618134714 0.12274780901567472
0.7553409618134714 0.10358666067024618
0.20931060871519022 0.2382628938523873
0.8901254547290138 0.06624930865841624
0.44388800125478345 0.640669507095804
0.4695210095057062 0.4428064399703928
0.5903317177451388 0.1599049357942391
0.9492043616475627 0.47624889729667236
0.4549326123361529 0.4558680896974091
0.3981384984706833 0.5695424998498808
0.02975360348180828 0.3878225520175691
0.4035576700235369 0.26309349335093873
0.4401784534956008 0.3529303945345621
0.12064507487703545 0.3289502995520557
0.43791851392643466 0.3073194729724151
0.448876506501528 0.24158800772219305
0.46205338899929765 0.22024695618760964
0.7844545770880829 0.08131314474757625
0.8554543616475627 0.47624889729667236
0.39227879549808425 0.6175466954022988
0.15088137048396424 0.47782640664794357
0.4025158237515562 0.48037920198047634
0.3788047844794964 0.4956977036155594
0.7002891695213853 0.45245063667680746
0.022918076502984743 0.10554852817339361
0.37491768438697315 0.6218869731800765
0.44388800125478345 0.578169507095804
0.3806359370965735 0.4638988068893666
0.678182374034362 0.2030123035533873
0.7086280059793378 0.20861146023625643
0.6884809816363636 0.1850043173490328
0.7617043616475627 0.47624889729667236
0.7851130849426884 0.42874669189001713
0.022918076502984743 0.07429852817339361
0.722308754282078 0.42867595501521116
0.7287750303223121 0.23221860312348006
0.6678837664323605 0.22102028975774182
0.3515213421934866 0.6299539032567049
0.691058754282078 0.42867595501521116
0.7715639794662249 0.21423549988176002
0.13668534212982153 0.2052387540849151
0.7514169551232507 0.1906283569945364
0.875034550910361 0.03828567803458376
0.1898511135555001 0.24276173329653192
0.8448181923626943 0.05903962882490634
0.42005657327586204 0.6574772509578544
0.8599090961813471 0.048680962757881724
0.2509765625 0.9306640625
0.14934047847259685 0.1891569418397049
0.283203125 0.919921875
0.05252041874260238 0.3565725520175691
0.04113701111220533 0.3721975520175691
0.06390382637299943 0.3409475520175691
0.08281757587434477 0.33694846786239796
0.1017313253756901 0.3329493837072268
0.8163630849426884 0.42874669189001713
0.4356996240037584 0.26292905925677645
0.2587890625 0.9033203125
0.9804543616475627 0.47624889729667236
0.4195001300862011 0.6280078691647695
0.41611022347700566 0.6007389515402484
0.7390736379243137 0.21421061691912555
0.7855227694507771 0.10203047688162549
0.4253598330588001 0.5800036736123515
0.41895344244398275 0.286142855531994
0.7929543616475627 0.47624889729667236
0.8242043616475627 0.47624889729667236
0.8046587232951256 0.4524977945933447
0.0 0.34375
0.8427662763762732 0.03987848047947779
0.8966685257522913 0.09197131573062022
0.014559198385118134 0.3258113154745705
0.07042747661258718 0.2900578810429828
0.062022857744772585 0.3754545637797821
0.10794922928114892 0.2806136792534021
0.09597638303516144 0.38747467425828763
0.1752659488586275 0.19615035274442172
0.4771827066741985 0.040481348489225064
0.6762293375493625 0.1660488764743069
0.6556321223453594 0.20206484888301607
0.5903429232560714 0.13956961252169695
0.792449750210299 0.051015238440812745
0.7375003487236022 0.11489273270553169
0.43341563721049836 0.5282292989485635
0.47471033554116676 0.463279961127405
0.596052749831107 0.33490794911548305
0.8169590425934823 0.4083383004193333
0.051527170709956494 0.2941205469705347
0.07651812837391259 0.27159147068383255
0.08935466971264718 0.2861223786601924
0.19488563761414104 0.19234442233631677
0.5767863150322341 0.12228284518654041
0.7288443262548375 0.0917179319577701
0.7372420906000411 0.13911273304211175
0.415054952124673 0.5317553267039878
0.4871801601834203 0.48089455490228067
0.5817204272989931 0.315504916279384
0.8098430567701578 0.3888626449342801
0.06269850025536201 0.253230406593891
0.39392798652392746 0.5325057807229276
0.53125 0.5
0.7850802020587392 0.3821941729353504
0.385401662029897 0.5522327893683457
0.3763333389864928 0.5722463122694107
0.0 0.09375
0.04655500840079399 0.056542816475833216
0.2332232015973827 0.27521351502999186
0.19674392788059444 0.3094164352633183
0.4148230950769055 0.35201341900224664
0.4629910123657537 0.308061798595586
0.749517677726124 0.43179138538148665
0.654968395946799 0.15615723665341924
0.6348863673037628 0.19287499841462935
0.5931455501763946 0.2877792070961864
0.5104212825519862 0.47915346469998293
0.7574004345483691 0.3764269693017125
0.6573420305994683 0.13224301930222976
0.6372901540428211 0.11848062717928848
0.21319837195843105 0.6542554912386299
0.78125 0.5
0.84375 0.5
0.96875 0.5
1.0 0.46875
0.9831673796885144 0.454098300536695
0.9736004475319543 0.4315693956020381
1.0 0.40625
0.8767161620272462 0.10991021483590212
0.2578125 0.8359375
0.4722222222222222 0.5538194444444444
0.4722222222222222 0.6788194444444444
0.4565972222222222 0.7256944444444444
0.3046875 0.8515625
0.1015625 0.9453125
0.1220703125 0.9736328125
0.4861111111111111 0.6362847222222222
0.08339221986201498 0.7019300548708751
0.47166577903256124 0.6181000626513595
0.109375 0.984375
0.7038479238034633 0.3811265916920187
0.984375 0.009580574172714277
0.046875 0.015625
0.0859375 0.9296875
0.0703125 0.9140625
0.140625 0.890625
0.0859375 0.8671875
0.109375 0.859375
0.15625 0.84375
0.1328125 0.8515625
0.0625 0.875
0.0390625 0.8828125
0.1484375 0.8671875
0.09375 0.90625
0.1171875 0.8984375
0.1015625 0.8828125
0.0546875 0.8984375
0.4861111111111111 0.5425347222222222
0.4861111111111111 0.5737847222222222
0.4861111111111111 0.6987847222222222
0.4861111111111111 0.6675347222222222
0.197265625 0.837890625
0.3537019272154772 0.43554369966073825
0.36762566432198274 0.22219445378903618
0.3669504597523178 0.24532603301717257
0.5682698465834606 0.04538989479094332
0.6060899488611535 0.01512996493031444
0.220703125 0.845703125
0.24169921875 0.85302734375
0.58486301670025 0.4538107280292885
0.26513671875 0.86083984375
0.4861111111111111 0.6050347222222222
0.32823476662342277 0.4826281964418391
0.1777811742023366 0.7791487073609342
0.3803984281168681 0.17007766243116684
0.6441220435135 0.4382096818663914
0.6226307979470963 0.4727162351789647
0.2861328125 0.8681640625
0.11749910053453948 0.955357601768092
0.9854591066082912 0.16759864834542854
0.4461805555555556 0.7152777777777777
0.9698341066082912 0.17717922251814283
0.9140337232951256 0.19998951711148757
0.359375 0.890625
0.015625 0.890625
0.078125 0.953125
0.046875 0.921875
0.953125 0.05999172251814283
0.014757169853758039 0.6661008367122987
0.984375 0.19708057417271427
0.555929897722307 0.03025992986062888
0.680929897722307 0.03025992986062888
0.0299356089982356 0.675253019278866
0.5435899488611535 0.01512996493031444
0.5748399488611535 0.01512996493031444
0.6685899488611535 0.01512996493031444
0.6998399488611535 0.01512996493031444
0.4861111111111111 0.7300347222222222
0.015178439144477562 0.6966521825665672
0.3359375 0.8828125
0.5669920111335 0.4692071520195257
0.328125 0.921875
0.5803710055667499 0.48460357600976284
0.05950720696361656 0.4318951040351382
0.04463040522271242 0.44110882802635365
0.02975360348180829 0.4503225520175691
0.01487680174090414 0.42828627600878455
0.014876801740904153 0.45953627600878455
0.43229166666666663 0.6953125
0.015625 0.015625
0.484375 0.984375
0.015625 0.984375
0.390625 0.890625
0.375 0.90625
0.4375 0.84375
0.453125 0.828125
0.328125 0.953125
0.3125 0.96875
0.453125 0.953125
0.421875 0.921875
0.4375 0.90625
0.421875 0.953125
0.453125 0.921875
0.375 0.96875
0.390625 0.984375
0.484375 0.859375
0.484375 0.890625
0.046875 0.953125
0.03125 0.9375
0.0625 0.96875
0.359375 0.921875
0.34375 0.9375
0.46875 0.8125
0.484375 0.796875
0.40625 0.875
0.421875 0.859375
0.078125 0.984375
0.015625 0.921875
0.4375 0.96875
0.46875 0.9375
0.453125 0.984375
0.484375 0.953125
0.015625 0.953125
0.046875 0.984375
0.390625 0.921875
0.421875 0.890625
0.40625 0.9375
0.359375 0.953125
0.390625 0.953125
0.453125 0.859375
0.453125 0.890625
0.46875 0.875
0.484375 0.828125
0.421875 0.984375
0.484375 0.921875
0.296875 0.984375
0.045535317433432684 0.683706547699702
0.6087234643195573 0.44658793953775056
0.4583333333333333 0.6901041666666666
0.484375 0.765625
0.3683008688916476 0.19906287456089983
0.3173828125 0.8994140625
0.953125 0.18499172251814283
0.984375 0.07208057417271427
0.96875 0.05041114834542855
0.984375 0.040830574172714275
0.3095703125 0.8759765625
0.390625 0.796875
0.41145833333333337 0.8177083333333333
0.030784910684668113 0.5478051786306638
0.015392455342334056 0.539527589315332
0.015392455342334056 0.570777589315332
0.29939306682432665 0.45090906277503684
0.059954719862014984 0.6941175548708751
0.4704861111111111 0.7456597222222222
0.3854166666666667 0.8229166666666666
0.3146460538622333 0.46592325781519883
0.3591869902660949 0.17535956427845595
0.6331122511331536 0.4500970226971896
0.9335793616475627 0.1924906198148152
0.96875 0.0
0.5 0.71875
0.0 0.53125
0.0 0.65625
0.59375 0.0
0.5 0.59375
1.0 0.15625
1.0 0.03125
0.59375 0.5
0.0 0.46875
0.65625 0.0
0.53125 0.0
0.5 0.65625
0.5 0.53125
0.0 0.40625
0.0 0.59375
0.0 0.71875
1.0 0.09375
1.0 0.21875
0.6508028157801384 0.45543944911663864
0.10159551775920232 0.7184037138353604
0.13601342249637077 0.9604358886530721
0.71875 0.0
0.5919359767271946 0.4341533858513226
0.15566574031848565 0.9560284167622453
0.16576344173844956 0.9312542984241687
0.0 0.03125
0.03125 0.0
0.06849493374180662 0.021619933741806624
0.0 0.90625
0.021484375 0.869140625
0.068359375 0.853515625
0.0 0.96875
0.03125 1.0
0.115234375 0.837890625
0.1640625 0.8203125
0.162109375 0.884765625
0.09375 1.0
0.1337890625 0.9169921875
0.28125 1.0
0.3525390625 0.8642578125
0.40625 1.0
0.5 0.78125
0.5 0.84375
0.5 0.90625
0.46875 1.0
0.5 0.96875
0.7310568472475094 0.38424202205829416
0.0 0.84375
0.05202414772727273 0.8359375
0.09797087943719253 0.8169088496030392
0.296875 1.0
1805
0 837 934
935 37 770
39 837 770
39 38 934
765 58 928
734 38 663
663 654 734
41 654 663
38 39 663
27 734 654
663 39 735
319 906 927
936 40 735
770 837 935
40 936 506
936 735 770
41 735 36
41 663 735
388 390 34
390 388 41
41 36 390
41 388 654
36 735 40
735 39 770
495 654 388
27 495 264
495 27 654
234 560 264
932 929 350
824 265 930
18 560 471
471 543 18
515 543 471
471 560 234
18 543 473
489 264 495
306 763 929
489 34 364
34 489 495
383 364 34
489 364 234
234 515 471
515 234 33
728 33 209
33 728 515
234 364 33
515 728 543
33 364 393
489 234 264
495 388 34
211 543 728
383 34 390
624 928 58
552 506 35
35 506 37
472 35 562
552 35 472
154 36 158
40 520 36
552 496 520
158 36 520
552 520 40
154 383 390
226 552 472
40 506 552
226 574 568
574 226 562
226 568 496
226 496 552
158 496 563
158 520 496
563 525 158
42 525 563
496 568 563
158 525 154
563 568 42
472 562 226
154 525 153
383 29 629
383 154 29
670 393 629
383 629 393
33 212 209
33 393 212
212 625 209
600 625 212
212 393 670
209 625 704
678 629 29
393 364 383
706 678 152
678 670 629
153 152 678
678 706 133
670 600 212
600 670 626
626 592 216
133 626 670
670 678 133
625 600 216
673 626 133
678 29 153
154 153 29
216 600 626
589 133 706
154 390 36
718 728 209
205 473 701
205 18 473
701 473 607
205 701 698
698 622 21
622 698 191
191 607 680
191 698 701
701 607 191
681 622 191
473 26 607
276 931 443
717 211 702
717 26 473
702 211 718
717 702 594
682 607 26
607 682 680
683 682 594
594 682 26
26 717 594
703 680 203
680 682 203
717 473 211
543 211 473
681 191 680
640 220 922
21 622 640
833 220 832
922 220 834
263 834 835
922 21 640
835 833 267
833 835 834
834 220 833
263 835 917
220 640 198
306 932 201
681 703 198
703 681 680
831 198 580
831 220 198
833 112 267
833 832 112
831 112 832
367 112 831
220 831 832
269 267 112
703 705 198
640 681 198
622 681 640
267 9 917
702 187 594
350 946 933
209 719 718
209 704 719
719 704 605
719 187 702
683 187 684
683 594 187
643 684 605
605 684 187
187 719 605
593 683 684
605 704 24
683 203 682
24 216 483
24 704 625
592 483 216
24 483 591
643 591 175
591 643 24
200 643 175
183 175 591
175 183 485
643 200 684
483 183 591
24 643 605
216 24 625
484 175 485
203 593 705
593 203 683
512 580 705
705 580 198
452 112 367
399 452 367
580 20 367
512 20 580
831 580 367
399 367 20
705 593 512
203 705 703
512 200 484
200 512 593
512 484 492
108 484 485
200 175 484
492 484 108
20 382 399
20 492 382
382 650 399
117 650 382
382 492 366
452 399 121
366 492 108
492 20 512
593 684 200
452 269 112
485 493 108
718 719 702
211 728 718
399 650 121
561 153 525
103 443 931
574 277 238
277 574 562
238 277 22
574 238 42
541 561 525
541 42 524
322 541 524
511 524 42
42 238 511
511 322 524
238 481 511
541 525 42
22 323 569
323 22 344
569 323 564
569 481 238
481 498 511
498 481 150
487 150 564
564 150 481
481 569 564
498 150 539
150 555 539
569 238 22
498 322 511
153 43 152
561 541 43
134 608 329
152 43 608
673 133 589
706 720 589
720 134 589
720 152 608
608 134 720
589 134 632
608 43 308
153 561 43
308 322 539
539 322 498
497 31 539
308 539 31
329 339 134
608 308 329
134 300 632
329 308 31
329 303 339
339 300 134
329 31 303
308 43 322
541 322 43
589 632 673
323 487 564
152 720 706
323 151 487
151 323 344
545 151 320
487 151 556
555 556 149
555 487 556
494 556 545
556 494 149
151 545 556
555 149 497
151 344 320
497 539 555
320 44 147
44 320 344
527 480 147
147 480 545
149 494 572
567 494 46
567 46 521
46 494 545
480 46 545
573 159 567
527 46 480
545 320 147
572 494 567
570 497 565
570 303 31
497 149 565
570 565 155
303 106 339
106 303 155
155 332 106
905 332 155
303 570 155
598 106 332
155 565 905
31 497 570
888 332 905
905 572 159
159 802 905
802 159 573
572 567 159
905 802 888
791 888 45
791 332 888
331 641 792
45 331 791
888 802 45
341 332 791
802 554 45
905 565 572
149 572 565
296 339 106
147 44 475
555 150 487
331 792 791
592 673 28
592 626 673
673 632 28
592 28 613
183 737 491
183 483 737
193 737 613
737 193 491
737 592 613
491 493 485
28 736 613
483 592 737
736 300 184
614 613 736
184 300 296
736 184 614
193 23 491
23 193 215
614 215 193
215 614 184
613 614 193
415 23 402
184 542 215
736 28 300
632 300 28
491 23 493
108 365 366
108 493 365
620 365 116
366 365 620
273 650 117
273 117 274
620 274 117
627 274 620
117 366 620
457 273 274
380 365 493
117 382 366
380 415 391
380 493 23
391 415 125
380 391 116
627 116 392
627 620 116
17 392 369
392 17 627
116 391 392
627 17 274
391 900 392
116 365 380
23 415 380
17 457 274
215 402 23
485 183 491
184 30 542
296 106 598
546 542 30
519 215 542
445 402 519
402 215 519
122 546 330
546 122 519
519 542 546
445 519 122
30 296 598
184 296 30
302 341 792
341 598 332
641 135 792
302 792 135
330 326 122
330 30 302
135 330 302
326 330 311
30 341 302
330 546 30
326 25 603
341 30 598
300 339 296
122 326 362
900 363 904
900 125 363
113 392 900
391 125 900
407 369 113
392 113 369
904 800 113
363 800 904
900 904 113
530 113 800
125 445 362
415 445 125
362 790 363
790 362 603
603 110 790
287 110 603
445 122 362
790 110 657
363 47 800
363 790 47
229 243 652
657 652 47
790 657 47
800 47 530
657 110 289
362 363 125
326 603 362
17 369 407
652 657 651
415 402 445
341 791 792
652 530 47
135 311 330
574 42 568
273 272 650
223 898 910
9 267 223
899 898 897
223 910 9
39 934 837
923 261 899
616 19 923
616 923 228
261 898 899
453 19 616
897 898 223
201 932 933
223 114 897
114 223 269
514 505 114
897 114 505
111 616 228
616 111 371
505 111 228
372 371 111
228 897 505
373 109 371
111 505 509
897 228 899
269 223 267
453 616 371
816 453 820
816 911 453
820 453 109
816 820 826
37 506 936
924 204 826
448 924 194
194 826 820
204 816 826
924 448 10
820 884 194
911 19 453
884 109 901
109 884 820
182 448 901
901 448 194
448 174 10
174 448 436
436 403 174
441 403 436
436 448 182
174 403 434
109 454 901
901 194 884
453 371 109
10 174 384
114 269 270
837 0 935
270 121 271
270 269 452
271 121 272
270 271 514
118 373 372
373 371 372
509 372 111
15 509 514
509 505 514
360 372 509
271 15 514
454 109 373
272 120 456
272 273 120
360 456 378
456 15 271
372 360 118
360 509 15
360 359 118
119 359 360
15 456 360
373 118 357
359 361 126
456 271 272
650 272 121
357 118 359
765 454 58
765 901 454
58 454 357
374 441 928
182 441 436
182 928 441
374 394 441
197 394 374
765 928 182
403 441 84
928 624 374
182 901 765
357 126 355
126 357 359
351 355 285
355 624 58
624 197 374
197 624 351
455 801 12
197 176 801
624 355 351
394 197 455
285 355 126
355 58 357
454 373 357
84 441 394
456 120 378
514 114 270
121 270 452
801 455 197
100 384 385
384 100 10
938 385 222
100 385 956
812 865 937
57 938 812
250 779 784
779 250 812
812 938 779
812 250 865
385 384 434
865 278 937
939 957 418
418 434 403
222 939 778
957 385 434
784 778 241
784 779 778
771 91 772
241 772 784
241 778 774
250 784 814
939 418 97
778 779 222
384 174 434
814 784 772
278 865 856
937 57 812
856 865 814
278 856 870
940 839 5
870 940 278
839 252 871
252 839 870
870 856 252
839 871 941
856 855 252
222 779 938
814 91 855
91 814 772
855 91 813
814 855 856
871 857 279
857 871 855
249 857 813
857 864 279
857 855 813
941 5 839
813 91 771
855 871 252
865 250 814
939 222 957
772 241 781
938 57 956
942 958 463
84 394 463
97 942 775
774 778 939
783 781 241
783 774 775
775 242 783
777 242 775
774 97 775
782 783 242
942 463 221
84 463 958
943 12 789
777 775 942
12 943 455
221 776 777
780 242 777
242 780 773
780 944 773
780 777 776
776 233 780
773 944 92
776 789 233
221 463 455
394 455 463
782 242 773
771 781 240
771 772 781
240 781 782
771 240 762
864 249 767
857 249 864
249 763 767
762 806 249
762 249 813
767 56 945
762 240 806
771 762 813
773 946 782
240 350 806
933 932 350
240 782 946
773 92 946
350 929 806
56 767 763
56 763 306
306 201 346
763 806 929
306 929 932
56 306 346
538 499 933
763 249 806
781 783 782
864 945 279
92 944 538
774 783 241
84 418 403
97 774 939
176 197 351
770 37 936
120 377 378
377 120 457
124 379 377
378 377 379
119 379 590
379 119 378
119 590 361
596 590 11
590 379 411
361 590 596
377 457 410
359 119 361
410 407 426
410 457 17
428 426 427
410 426 124
411 379 124
411 124 428
310 11 376
411 376 11
124 426 428
411 11 590
426 407 123
124 377 410
407 410 17
596 11 328
596 328 748
748 361 596
748 328 285
748 285 126
351 285 88
351 88 176
176 522 537
88 297 176
285 328 88
537 12 801
88 328 336
126 361 748
82 297 335
336 297 88
310 336 328
335 297 336
522 553 537
553 522 82
82 531 553
138 531 82
522 297 82
537 553 237
310 85 336
297 522 176
310 328 11
757 553 531
428 376 411
176 537 801
427 123 408
123 407 113
421 115 427
115 428 427
288 85 310
288 376 115
115 667 288
421 667 115
428 115 376
288 667 325
243 123 530
427 426 123
408 243 732
243 408 123
729 732 243
408 732 733
421 655 667
655 421 14
733 14 421
639 14 733
421 408 733
162 617 655
639 733 732
408 421 427
530 652 243
667 655 617
315 85 290
325 85 288
13 305 315
85 315 335
305 138 82
305 335 315
531 138 532
501 534 138
501 138 305
305 82 335
290 85 325
335 336 85
290 13 315
143 13 290
349 290 325
162 349 617
325 617 349
478 13 504
501 148 534
148 501 895
501 146 895
478 146 501
501 13 478
148 895 903
290 349 143
13 501 305
325 667 617
535 138 534
14 649 655
310 376 288
457 120 273
533 534 148
537 789 12
537 237 789
789 237 795
244 233 789
244 79 538
944 244 538
795 796 244
796 795 237
244 789 795
405 244 796
237 757 796
201 933 499
757 66 798
757 531 66
798 66 805
798 405 796
79 244 405
687 405 156
805 156 405
156 805 894
405 798 805
687 156 679
66 761 805
798 796 757
553 757 237
79 405 687
499 79 196
79 499 538
196 79 677
499 196 304
346 304 444
346 201 304
444 442 8
442 444 304
304 196 442
871 279 941
196 437 442
201 499 304
677 679 387
677 79 687
71 395 387
677 387 437
8 437 395
8 442 437
883 947 395
845 883 395
437 387 395
395 947 8
71 387 679
437 196 677
687 679 677
942 97 958
679 156 889
789 776 943
532 535 761
532 138 535
761 535 137
805 761 894
889 71 679
889 894 827
137 827 894
827 137 948
894 761 137
889 827 217
137 535 533
889 156 894
148 500 533
533 535 534
6 500 224
811 948 6
841 217 811
217 827 811
6 840 811
862 840 6
948 811 827
841 811 840
903 224 500
500 948 533
500 148 903
889 217 829
71 829 859
829 71 889
859 829 858
71 859 844
280 883 845
280 845 257
844 257 845
257 844 859
845 71 844
280 257 284
859 875 257
845 395 71
858 841 872
858 829 217
851 254 876
872 254 858
841 840 872
858 254 875
257 851 284
257 875 851
851 80 284
852 80 851
875 254 851
776 221 943
874 254 872
875 859 858
217 841 858
221 455 943
840 253 872
66 532 761
66 531 532
221 777 942
903 895 896
360 378 119
123 113 530
839 940 870
544 331 45
538 933 92
571 475 262
262 475 44
219 262 16
571 262 219
144 571 566
571 144 475
518 566 707
566 571 219
219 707 566
144 566 551
219 609 707
475 144 527
919 266 821
883 280 959
821 266 818
919 236 16
609 602 707
602 609 236
602 236 275
236 609 16
821 818 236
105 236 818
266 822 818
16 609 219
518 707 602
144 557 527
144 551 557
557 551 508
527 557 521
573 521 161
573 567 521
312 161 508
161 521 557
557 508 161
554 573 161
551 49 508
46 527 521
602 275 518
275 236 105
275 105 173
518 275 49
49 352 508
352 49 610
352 610 188
610 49 275
275 173 610
173 188 610
105 370 173
518 49 551
566 518 551
352 312 508
818 793 105
527 147 475
912 822 266
794 912 51
794 51 419
912 248 822
417 793 248
248 793 822
438 423 419
419 423 248
248 794 419
417 248 423
51 397 419
822 793 818
819 823 265
265 823 918
50 526 930
819 265 824
419 397 438
83 397 819
819 235 83
235 819 824
397 823 819
291 83 294
930 235 824
397 51 918
97 418 958
83 438 397
370 417 439
417 370 793
417 423 439
370 439 52
208 721 710
208 173 721
52 618 710
52 710 721
721 370 52
636 208 710
52 439 747
173 370 721
83 213 438
213 83 291
213 291 747
213 747 439
210 747 746
210 52 747
210 746 741
746 747 291
291 94 746
741 746 94
588 94 286
439 438 213
423 438 439
188 173 208
334 94 291
370 105 793
84 958 418
52 210 618
161 550 554
550 161 312
550 312 190
554 550 544
172 331 544
172 544 190
172 190 645
292 646 190
544 550 190
646 645 190
190 312 292
331 172 641
292 352 474
292 312 352
188 208 479
474 188 479
32 474 507
474 32 292
507 316 32
99 316 507
474 479 507
646 32 318
316 90 301
292 32 646
188 474 352
316 327 32
172 686 641
686 172 645
686 645 87
641 686 694
621 694 644
621 135 694
644 87 739
87 644 694
694 686 87
131 621 644
645 318 87
135 641 694
513 318 327
318 645 646
301 327 316
89 327 301
739 513 482
739 87 513
89 298 482
89 482 513
513 327 89
160 739 482
89 301 295
513 87 318
32 327 318
739 611 644
99 507 479
45 554 544
214 636 618
479 208 636
214 210 741
618 210 214
99 510 529
510 99 214
214 742 510
742 214 741
99 636 214
95 510 742
741 178 742
636 99 479
660 178 708
708 178 741
708 741 94
660 708 588
666 709 658
709 178 658
660 659 658
181 659 660
178 660 658
95 742 709
181 660 588
178 709 742
94 588 708
659 202 658
510 528 529
528 510 95
461 528 606
529 528 90
301 743 295
301 90 743
726 295 743
461 743 90
90 528 461
461 192 743
528 95 606
316 529 90
186 606 666
666 606 95
486 575 185
202 575 666
666 658 202
186 666 575
368 186 53
368 461 186
53 486 559
486 53 186
186 575 486
396 368 53
665 575 202
186 461 606
95 709 666
298 89 295
202 659 665
529 316 99
710 618 636
368 192 461
235 294 83
135 621 311
526 50 321
523 235 526
321 50 347
526 321 547
722 294 523
294 235 523
547 86 523
711 547 321
523 526 547
711 647 547
321 132 711
235 930 526
132 347 314
314 347 76
674 699 676
132 314 699
615 711 132
615 132 674
674 586 615
586 674 61
132 699 674
615 647 711
699 314 676
132 321 347
938 956 385
127 615 586
722 86 631
86 722 523
631 86 647
722 631 712
334 723 286
723 334 712
712 317 723
317 712 631
334 722 712
59 723 317
631 692 317
722 334 294
692 647 127
127 647 615
619 127 586
692 127 619
630 413 317
692 619 630
435 413 145
145 413 630
619 145 630
317 692 630
145 619 476
692 631 647
86 547 647
59 317 413
619 586 476
94 334 286
76 342 309
247 955 745
309 342 69
76 309 672
633 676 672
676 314 672
601 353 69
353 672 309
309 69 353
633 672 353
342 293 69
672 314 76
293 769 893
293 342 908
1 769 908
1 915 769
171 815 892
815 69 892
892 893 891
207 893 915
892 293 893
207 891 893
869 954 838
892 69 293
245 745 955
601 69 815
61 633 700
633 61 676
700 633 601
61 700 756
476 130 145
130 476 756
756 401 130
756 476 61
700 401 756
414 130 401
700 170 401
476 586 61
170 400 401
601 815 170
891 925 171
170 815 171
633 353 601
170 171 464
400 464 458
464 400 170
77 914 458
77 458 464
171 925 464
414 401 400
77 464 925
170 700 601
891 171 892
409 145 130
838 4 953
61 674 676
385 957 222
458 73 400
286 59 181
286 723 59
181 59 671
181 691 659
665 691 107
659 691 665
691 669 107
671 669 691
181 671 691
665 107 604
671 59 424
665 185 575
195 424 435
424 59 413
424 413 435
404 435 409
450 669 195
669 424 195
199 446 449
404 446 195
435 404 195
669 450 107
446 404 449
424 669 671
435 145 409
450 195 446
517 185 604
604 185 665
604 107 490
517 604 490
559 517 64
517 559 185
64 516 558
64 517 490
490 516 64
540 559 64
490 189 516
559 486 185
189 450 199
450 189 490
199 450 446
189 199 488
558 488 62
488 558 189
62 577 429
577 62 488
488 199 577
536 558 62
199 585 577
189 558 516
107 450 490
548 64 558
404 409 70
588 286 181
381 414 416
381 409 130
907 416 73
381 416 70
70 451 449
70 416 451
179 810 907
451 416 810
416 907 810
180 451 810
416 414 73
381 70 409
458 809 73
73 414 400
809 807 817
73 809 890
890 177 907
890 809 177
60 583 926
177 809 817
807 206 817
817 926 177
807 914 206
73 890 907
807 809 458
177 179 907
180 179 582
180 449 451
180 582 584
180 585 199
429 585 75
429 577 585
584 75 585
75 584 582
585 180 584
431 429 75
582 425 75
199 449 180
430 75 425
582 583 425
583 60 425
583 177 926
179 177 583
425 60 459
386 420 430
420 75 430
459 169 430
881 949 852
430 425 459
386 430 169
887 950 861
582 179 583
810 179 180
62 429 406
880 951 853
70 449 404
414 381 130
53 559 549
854 952 882
291 294 334
418 957 434
420 431 75
311 738 25
738 311 131
287 25 595
287 603 25
354 229 651
651 229 652
651 289 101
289 110 287
657 289 651
287 313 289
25 738 595
729 243 229
642 595 738
642 131 611
157 287 595
157 313 287
651 101 354
724 229 354
338 713 354
101 356 354
289 313 101
93 623 713
595 642 157
131 642 738
621 131 311
724 354 713
729 724 268
724 729 229
693 639 268
268 639 732
349 162 675
689 162 649
690 649 14
693 690 639
639 690 14
689 649 690
268 724 623
729 268 732
693 623 656
168 690 693
93 656 623
693 656 168
689 675 162
675 689 634
168 634 689
766 634 168
690 168 689
675 634 96
168 656 337
693 268 623
724 713 623
675 143 349
638 101 313
649 162 655
157 412 597
157 642 160
635 313 597
597 313 157
356 338 354
714 356 638
356 3 338
638 635 714
313 635 638
713 338 93
635 597 102
356 101 638
597 389 102
412 160 587
358 102 466
358 635 102
725 3 356
725 714 358
725 744 3
358 744 725
635 358 714
725 356 714
412 389 597
157 160 412
611 739 160
3 921 338
758 337 656
93 338 758
337 758 786
337 766 168
634 333 96
634 766 333
333 759 96
759 333 788
333 766 764
96 759 886
766 337 799
93 758 656
348 786 758
348 785 921
348 913 786
348 758 785
98 766 799
766 98 764
343 759 788
920 764 98
799 913 98
920 333 764
898 261 910
913 337 786
338 785 758
787 759 343
293 908 769
611 160 642
131 644 611
675 96 836
477 146 503
146 478 504
504 13 143
503 146 504
862 6 224
863 862 224
842 224 896
224 903 896
477 896 895
65 896 477
504 143 502
862 253 840
136 502 808
836 502 143
808 502 836
502 136 503
576 477 503
65 842 896
842 863 224
843 842 65
477 576 65
863 842 255
842 877 255
502 503 504
675 836 143
862 863 255
253 873 847
873 253 862
847 873 848
253 847 874
876 852 851
852 876 258
874 258 876
849 258 874
254 874 876
852 258 881
874 847 72
872 253 874
72 847 848
878 848 255
850 72 848
72 849 874
849 881 258
881 849 866
866 281 881
868 281 866
849 72 866
281 949 881
866 72 846
848 873 255
873 862 255
852 949 80
576 503 136
477 895 146
760 808 340
886 808 836
576 136 902
902 136 760
843 877 842
65 860 843
860 65 218
860 218 861
218 576 902
843 860 880
340 808 886
760 136 808
787 909 340
787 340 886
909 787 343
825 902 760
887 861 218
7 887 902
880 860 861
902 825 7
887 7 950
218 902 887
282 880 861
825 760 340
886 759 787
843 880 256
877 256 879
256 877 843
879 256 853
877 879 878
850 848 878
259 850 878
868 866 846
251 868 846
846 850 867
846 72 850
879 854 878
878 255 877
878 854 259
854 879 853
854 882 259
854 853 81
282 951 880
259 882 867
867 251 846
251 867 869
869 838 251
869 882 283
867 882 869
251 838 868
81 952 854
259 867 850
256 880 853
838 953 868
283 954 869
218 65 576
96 886 836
868 953 281
920 343 788
311 25 326
298 295 299
298 587 482
715 726 192
299 726 715
54 389 412
587 298 54
54 299 440
599 299 715
298 299 54
599 440 299
715 628 599
587 160 482
239 53 549
559 540 549
549 540 245
396 628 368
104 628 396
628 192 368
239 398 396
396 53 239
549 245 239
628 104 599
768 955 67
192 628 715
726 743 192
768 239 245
440 307 54
599 104 440
440 104 422
54 307 389
103 307 443
307 440 443
276 422 432
422 276 443
440 422 443
389 307 466
104 433 422
885 931 276
239 433 398
433 239 768
433 768 67
433 432 422
276 432 803
668 432 67
67 664 668
247 664 67
432 433 67
653 668 664
245 955 768
433 104 398
396 398 104
139 432 668
245 540 246
466 102 389
62 406 536
536 548 558
536 406 447
548 536 230
731 246 230
246 548 230
142 447 129
447 230 536
129 447 406
447 462 230
406 431 129
246 745 245
163 375 420
163 420 386
163 386 465
420 375 431
129 375 467
375 163 460
460 465 166
460 163 465
386 78 465
166 465 78
386 169 78
431 375 129
540 64 548
375 460 467
247 745 731
745 246 731
731 230 727
68 731 727
664 247 740
662 247 68
68 685 662
716 685 68
247 731 68
662 685 697
68 727 716
247 67 955
462 142 612
462 447 142
469 142 467
142 129 467
74 467 460
612 142 469
716 612 685
716 462 612
74 166 578
74 468 467
460 166 74
140 685 612
462 727 230
462 716 727
166 78 755
754 166 755
533 948 137
246 540 548
429 431 406
662 740 247
885 797 931
103 466 307
931 797 103
466 103 232
260 232 828
232 103 828
828 797 830
225 797 885
103 797 828
225 830 797
885 804 225
232 744 358
927 803 139
906 885 276
803 906 276
668 653 139
927 906 803
906 319 804
324 139 653
653 664 227
803 432 139
324 653 227
324 227 48
906 804 885
664 740 227
55 916 804
458 914 807
3 744 730
267 917 835
909 7 825
951 81 853
920 788 333
954 4 838
891 207 925
834 263 922
952 283 882
909 825 340
950 282 861
804 916 225
828 830 260
345 139 324
319 139 345
816 204 911
730 232 260
913 799 337
345 55 319
260 830 916
912 794 248
769 915 893
730 744 232
319 55 804
324 48 345
227 740 231
358 466 232
740 662 231
662 697 231
468 469 467
141 469 468
696 697 140
697 685 140
63 470 141
141 470 469
612 470 140
648 140 470
468 579 141
695 231 697
128 578 754
754 578 166
165 754 755
753 754 165
637 579 128
128 579 578
128 753 688
752 753 165
128 754 753
141 579 581
350 240 946
578 579 468
468 74 578
688 753 752
661 695 749
695 661 231
696 695 697
695 696 167
225 916 830
749 48 661
236 919 821
750 167 696
749 695 167
397 918 823
696 648 750
661 48 227
648 63 750
63 648 470
141 581 63
688 637 128
637 164 579
751 637 688
194 924 826
581 579 164
139 319 927
2 751 688
164 637 751
817 206 926
688 752 2
923 899 228
696 140 648
338 921 785
933 946 92
231 661 227
612 469 470
767 945 864
883 959 947
587 54 412
299 295 726
944 233 244
500 6 948
802 573 554
780 233 944
113
1 908
2 752
3 730
954 4
5 941
0 934
909 7
8 947
9 910
10 100
16 262
19 911
18 205
21 922
27 264
22 277
35 37
37 935
38 734
44 344
50 930
749 48
51 912
55 345
56 346
57 937
60 926
581 63
76 347
77 925
78 169
80 949
951 81
913 98
100 956
751 164
165 755
750 167
169 459
204 924
205 698
206 914
207 915
260 916
261 923
262 44
263 917
264 560
265 918
266 919
277 562
278 940
279 945
280 284
281 953
950 282
952 283
284 80
342 76
920 343
344 22
345 48
346 444
347 50
348 921
444 8
459 60
560 18
562 35
164 581
698 21
734 27
730 260
167 749
63 750
2 751
752 165
755 78
908 342
909 343
910 261
911 204
912 266
913 348
914 77
915 1
916 55
917 9
918 51
919 16
920 98
921 3
922 263
923 19
924 10
925 207
926 206
930 265
934 38
935 0
937 278
940 5
941 279
945 56
947 959
949 281
950 7
951 282
952 81
953 4
954 283
956 57
959 280
