757
0.0 0.0
1.0 0.0
1.0 0.5
0.5 0.5
0.5 1.0
0.0 1.0
0.375 0.875
0.5 0.75
0.25 1.0
0.0 0.5
0.0 0.75
0.25 0.625
0.1875 0.8125
0.3541666666666667 0.7291666666666666
0.38888888888888884 0.5902777777777777
0.12313964273867245 0.5662207145226551
0.5 0.0
0.24216437302014998 0.49286086019400754
0.0 0.25
0.0 0.625
0.11901441392723312 0.4262902080702764
0.0 0.375
0.25 0.0
0.23490100152126045 0.35910374820315394
0.12118862852696956 0.29650366337931544
0.39838786643312574 0.37134262757616526
0.04553363052158821 0.3125
0.0 0.125
0.2101064310969517 0.2695641290249454
0.12908516093114525 0.1623545461112914
0.3225275805033182 0.2866361578144809
0.28680553017533794 0.14318100239105327
0.5038029264152828 0.2006142152994981
0.07846461556004394 0.22668179509213213
0.0598360008708609 0.15994168121117563
0.125 0.0
0.0972208784370992 0.08192764595831431
0.0625 0.0
0.0 0.0625
0.03125 0.03125
0.07448986748361325 0.04323986748361325
0.045836153005969486 0.08609705634678722
0.1875 0.06686515177071335
0.20692314156990577 0.144359188334713
0.375 0.0
0.38951230674242077 0.19378097271361072
0.3730908473436518 0.09757687847568827
0.3569248978245137 0.4792173085244496
0.75 0.5
0.47652652016463637 0.10078812561271083
0.75 0.0
0.625 0.0
0.598719590889228 0.12103971944251551
0.6761566780855413 0.3098025467072299
0.5420871816488495 0.36230527972928606
0.625 0.5
0.125 1.0
0.0 0.875
0.1214275131558205 0.6982174605325385
0.7585455389015542 0.16573865707239388
1.0 0.25
0.875 0.07664459338171421
0.8436348931805022 0.309991178373379
0.875 0.5
0.7598957856330217 0.30989686254030446
0.4375 0.8125
0.28125 0.84375
0.7130783390427706 0.4049012733536149
0.7968174465902511 0.4049955891866895
0.9375 0.038322296690857106
0.8593174465902511 0.19331788587754659
0.3125 0.9375
0.4375 0.9375
0.9375 0.1633222966908571
0.9218174465902511 0.4049955891866895
0.9218174465902511 0.2799955891866895
0.875 0.0
1.0 0.125
1.0 0.375
0.2265625 0.9140625
0.375 1.0
0.5 0.875
0.27083333333333337 0.7708333333333333
0.674359795444614 0.06051985972125776
0.09375 0.78125
0.30208333333333337 0.6770833333333333
0.7542727694507771 0.08286932853619694
0.45109539642420426 0.2859784214378317
0.21875 0.71875
0.5229450540320661 0.28145974751439207
0.589979802250412 0.255208381003364
0.0625 0.9375
0.15625 0.90625
0.4444444444444444 0.5451388888888888
0.678632564895391 0.1433891882574547
0.6374381344873846 0.2154211330748727
0.4444444444444444 0.6701388888888888
0.09375 0.84375
0.5 0.625
0.5729790096944427 0.1867319569860821
0.0 0.8125
0.43103757060844705 0.47188064245825956
0.49153596365898233 0.42213346424122855
0.5714840222669999 0.43841430403905135
0.6241198496327259 0.3743521776099016
0.549359795444614 0.06051985972125776
0.30466655533932807 0.2149085801027671
0.7592206622672879 0.23781775980634917
0.1769577077242468 0.39269697813671517
0.06071375657791025 0.6616087302662692
0.3776563821288197 0.42527996805030743
0.061569821369336225 0.5956103572613276
0.05950720696361656 0.4631451040351382
0.29954463542233184 0.4860390843592286
0.061569821369336225 0.5331103572613276
0.3194444444444444 0.6076388888888888
0.2385326872707052 0.42598230419858074
0.18058939347369155 0.45957553413214197
0.12228357794724648 0.6322190875275968
0.18656982136933623 0.5956103572613276
0.18265200787941122 0.5295407873583313
0.12107702833295278 0.49625546129646575
0.3166444339771931 0.3652231878896596
0.3155266309545194 0.5415693189858926
0.246082186510075 0.5589304300970037
0.29591294967288706 0.4191605283638018
0.1790601111436474 0.6659602743595086
0.8146363847253886 0.07975696095895557
0.9609087232951256 0.4524977945933447
0.8827261698853767 0.35749338378003426
0.8671587232951256 0.1349812396296304
0.424741631428665 0.32866052450699845
0.8146363847253886 0.04143466426809847
0.16959579601404848 0.21595933756811841
0.20851478633342874 0.2069616586798292
0.38681148846376123 0.28630728962615626
0.4409722222222222 0.7413194444444444
0.328125 0.859375
0.31770833333333337 0.7864583333333333
0.6690391695213853 0.45245063667680746
0.8359087232951256 0.4524977945933447
0.8984087232951256 0.4524977945933447
0.8593174465902511 0.4049955891866895
0.3993055555555556 0.6996527777777777
0.4257632600823182 0.050394062806355416
0.8167727694507771 0.12119162522705404
0.39583333333333337 0.7708333333333333
0.3740454236718259 0.048788439237844136
0.36458333333333337 0.8020833333333333
0.32994818875949483 0.12037894043337077
0.26840276508766897 0.07159050119552664
0.3115454236718259 0.048788439237844136
0.18093610170320656 0.176341367920725
0.1639982689683294 0.13602963253314418
0.12315655886537745 0.11817780019963477
0.3289820966394061 0.17076612599799149
0.291015625 0.892578125
0.4556152755625366 0.3772002645621257
0.14275372831759298 0.07675363093641925
0.37128454949131545 0.146374352148723
0.47545234826605554 0.33049447557162936
0.42404146213587646 0.12389504545868565
0.39566870210727967 0.6448156130268198
0.9442855046668037 0.34666990161008493
0.9375 0.5
1.0 0.4375
0.9663347593770288 0.40819660107338995
0.8125 0.5
0.4433315580651225 0.611200125302719
1.0 0.3125
0.9375 0.1008222966908571
0.96875 0.08166114834542855
0.4203038515833125 0.2398796970757212
0.5376230555269321 0.11091392252761317
0.046875 0.765625
0.14907316812560817 0.3446003207580153
0.203125 0.765625
0.96875 0.20666114834542854
0.6580353496913878 0.1794051606661637
0.9296587232951256 0.2216589429387733
0.8905674465902511 0.23665673753211802
0.7189266135813395 0.19060347403190192
0.07723187828895513 0.7214293651331346
0.178044815024115 0.3278037057912347
0.26631700580013495 0.2781001434197131
0.7176886701764146 0.27381015325678953
0.656797406286463 0.2626118398910513
0.08336112952427888 0.3045018316896577
0.5247527649295396 0.14376004129939646
0.8014277777238951 0.2739044690898641
0.4466576165788518 0.1971975940065544
0.022766815260794104 0.34375
0.607049825941569 0.31478027930663277
0.2225037163091061 0.3143339386140497
0.030356878288955124 0.7058043651331346
0.8092690544287695 0.21556782284194786
0.23828125 0.95703125
0.15446375657791026 0.7553587302662692
0.05950720696361656 0.4006451040351382
0.8514761698853767 0.2516545321254628
0.12010152122710134 0.3613969357247959
0.17578125 0.95703125
0.6983293983773362 0.22661944644061094
0.08227402222441066 0.3693951040351382
0.0 0.6875
0.0 0.3125
1.0 0.1875
1.0 0.0625
0.5641480965224215 0.14025196826844616
0.09470983003532828 0.2647236951274888
0.6357293291473565 0.14275087678728207
0.057493823700895466 0.2756139303963078
0.12497044789977634 0.22931177295918068
0.6393117393713765 0.09424440669943676
0.6165153389678562 0.179557903320032
0.2687372573099681 0.3256327106241425
0.15995402853159 0.2649831570499797
0.34375 0.90625
0.46875 0.78125
0.4628816300411591 0.025197031403177708
0.02975360348180828 0.4190725520175691
0.140625 0.828125
0.046875 0.859375
0.030784910684668113 0.5165551786306638
0.40625 0.84375
0.5982420111335 0.4692071520195257
0.15625 0.033432575885356676
0.7315391695213853 0.45245063667680746
0.030784910684668113 0.5790551786306638
0.40068467113447903 0.5121780987066692
0.8202261698853767 0.35749338378003426
0.7734087232951256 0.4524977945933447
0.5357420111335 0.4692071520195257
0.171875 0.859375
0.02991800043543045 0.20497084060558782
0.712179897722307 0.03025992986062888
0.524679897722307 0.03025992986062888
0.234375 0.828125
0.21875 0.033432575885356676
0.6946175085641559 0.35735191003042244
0.109375 0.921875
0.078125 0.890625
0.125 0.875
0.37290689335670124 0.5347475431511136
0.20703125 0.86328125
0.7364870623378962 0.3573990679469597
0.7783566161116364 0.35744622586349695
0.7549478928165109 0.40494843127015223
0.587179897722307 0.03025992986062888
0.09375 0.96875
0.03125 0.90625
0.46875 0.96875
0.03125 0.96875
0.40625 0.90625
0.375 0.9375
0.4375 0.875
0.46875 0.84375
0.34375 0.96875
0.40625 0.96875
0.46875 0.90625
0.5625 0.5
0.0 0.5625
0.4375 0.0
0.0 0.4375
0.0 0.1875
0.6875 0.0
0.5625 0.0
0.029753603481808305 0.4815725520175691
0.4073881080524777 0.5488072219219838
0.06058906551836875 0.4981262403663882
0.09137670407466342 0.5147689357808796
0.12226011728012591 0.5312336132996947
0.15196083726746615 0.512719942194678
0.18187388519787354 0.49455069672535673
0.2115214853125269 0.4759506958258331
0.5069883349810479 0.06988349534479515
0.6192049175056146 0.42396872705597544
0.1875 0.0
0.0 0.9375
0.0625 1.0
0.3125 1.0
0.4375 1.0
0.5 0.8125
0.5 0.9375
0.34375 1.0
0.1989050555718237 0.6923551371797543
0.7185890518984726 0.1545639226649243
0.4166358288456782 0.4012401163062166
0.3107638888888889 0.642361111111111
0.40434697636863337 0.4485803052542835
0.3506944444444445 0.6883680555555555
0.6764961801700025 0.10195452398935623
0.4857051907541957 0.17047881765297543
0.96875 0.019161148345428553
0.7143162824476956 0.07169459412872735
0.5649974399868176 0.2981200134105124
0.2854917805697315 0.2465043617612401
0.24479166666666669 0.7447916666666666
0.5325161178404578 0.32188251362183906
0.5745685037952093 0.3385427795179594
0.23741589606678185 0.24253090104977115
0.5564624281412391 0.26833406425887807
0.3546695344835397 0.2864717237203186
0.295736042757333 0.1790447912469102
0.212890625 0.978515625
0.3125 0.75
0.150390625 0.978515625
0.5567856019579247 0.4003597918841687
0.24686433587262185 0.14377009536288315
0.90625 0.019161148345428553
0.2760416666666667 0.6510416666666666
0.3925996774484435 0.3288249586011608
0.46159206837174405 0.14899285980963262
0.44332642308549186 0.42454045351019265
0.8448181923626943 0.020717332134049235
0.328125 0.703125
0.5468913643328475 0.22791129815143107
0.7564091541761657 0.12430399280429541
0.47744916141974353 0.2432963183686649
0.6470195847606927 0.47622531833840376
0.34327271183591296 0.024394219618922068
0.7823181923626943 0.020717332134049235
0.23766295332878737 0.10797484476511982
0.28077271183591296 0.024394219618922068
0.7095195847606927 0.47622531833840376
0.3488760177203065 0.6609494731800765
0.3575161502051594 0.3682829077329124
0.5133739902236745 0.24103698140694507
0.234375 0.671875
0.24766015825438334 0.17507133053544124
0.35172796122047717 0.3257652387579079
0.388161897603091 0.2400441311698835
0.3470894310408744 0.2043447764081889
0.4722222222222222 0.6475694444444444
0.7164526671730841 0.11312925839682582
0.28645833333333337 0.7239583333333333
0.2604166666666667 0.6979166666666666
0.4722222222222222 0.5850694444444444
0.4722222222222222 0.5225694444444444
0.25659067083637843 0.21093511939129816
0.4722222222222222 0.7100694444444444
0.34573902190154465 0.25060793486446165
0.9375 0.0
0.5 0.6875
0.3125 0.0
0.6875 0.5
0.1875 1.0
0.8125 0.0
0.5 0.5625
0.37911010628303937 0.6727139104721387
0.14124820106907895 0.9419652035361842
0.18070739268589756 0.726694656812611
0.4925241909816387 0.13855229523538926
0.9052509094580276 0.05585402393511829
0.43774100752644574 0.5085097656735742
0.16563172496308506 0.6967140192973006
0.4665388015868139 0.48719572588462556
0.1425384009566246 0.6683219237565995
0.4957155959259205 0.461072426430593
0.15875268954725053 0.635491986031827
0.1436021698967901 0.5994908724399195
0.1966145184883953 0.6322583898776017
0.33436767219758395 0.40298820534367447
0.32974747230213475 0.445807431271169
0.06915030821545243 0.19331173815165387
0.207745197497476 0.409339641167648
0.17877355059896916 0.42613625613442857
0.08926081044542485 0.4447176560527073
0.6416032520135551 0.3122914130069313
0.2708545042212409 0.4894499722766181
0.5740396931669209 0.09077978958188664
0.06114178897362324 0.6286095437637984
0.09192669965829135 0.6139147223944622
0.09149866726257837 0.646913908896933
0.1158478174334327 0.738394047699702
0.9135058372760902 0.3520816426950596
0.2847222222222222 0.6163194444444444
0.21436709719474312 0.5442356087276675
0.18461091462437373 0.5625755723098295
0.2163260039397056 0.5772703936791657
0.23671684439598284 0.39254302620086734
0.8632380849426884 0.1641495627535885
0.14980190370046234 0.44293287110120916
0.09446058090100307 0.16114811366123352
0.0234375 0.7890625
0.0234375 0.8359375
0.9721427523334019 0.32958495080504246
0.275390625 0.947265625
0.05283607693841519 0.12301936877898142
0.516811572653916 0.3922193719852573
0.07852843965398004 0.12093466358474497
0.26722281847179613 0.42257141628119127
0.26903866134651855 0.45601069427890467
0.1037748882455946 0.19451817060171178
0.12410687828895513 0.7683043651331346
0.28125 0.96875
0.6501382638591335 0.34207736215856577
0.649679897722307 0.03025992986062888
0.659368679098441 0.365852043820162
0.12004572113009296 0.4612728346833711
0.9375 0.1320722966908571
0.9023293616475627 0.11790176816024375
0.2757727177492268 0.36216346804640676
0.0703125 0.7734375
0.8342932505095103 0.20444285435974724
0.2490234375 0.8779296875
0.8631805315329395 0.3337422810767066
0.2788455019873347 0.5172150895899501
0.3522077599217041 0.5659235483818351
0.8380451080205141 0.1572547555523003
0.2441232797651125 0.5258956451455057
0.24804109325503748 0.5919652150485019
0.4988512286056931 0.3697527721457059
0.7876591541761657 0.14346514114972397
0.9023293616475627 0.14915176816024375
0.26540697559707377 0.38913213828347787
0.8984087232951256 0.17832009128420184
0.5929497443057675 0.07564982465157219
0.0703125 0.8203125
0.6307698465834606 0.04538989479094332
0.9330514756285274 0.3133327453983872
0.35416666666666663 0.5989583333333333
0.6216623835691703 0.3991604523329385
0.6132458185468418 0.06225216828003282
0.7839072966651619 0.19065323995717087
0.9609087232951256 0.2649977945933447
0.2808044087322972 0.5502498745414481
0.3174855376994819 0.5746041039373907
0.2827633154772597 0.5832846594929463
0.8827261698853767 0.29499338378003426
0.9609087232951256 0.2962477945933447
0.9022718082378138 0.31874448648336184
0.6661416282741925 0.4144350002047952
0.6685990943377482 0.38962672548175825
0.046875 0.8125
0.8130209119397733 0.16837972403450097
0.06629144554489882 0.7464381633653036
0.2597133091517857 0.9630824497767857
0.6370601557410289 0.06946407833584989
0.6151957899052141 0.08727823754795888
0.58892139238818 0.3833913310951449
0.08885347902145421 0.7568770629356374
0.24375594545283627 0.9786205376037719
0.5966546815940038 0.4092090849341659
0.21875 1.0
0.29462214106243095 0.38488491292133986
0.8316245801366631 0.23214687225577837
0.8514761698853767 0.36329217851895074
0.03695876182888998 0.7361722747779602
0.8564420710133966 0.2205569468108444
0.8049978653456776 0.244689026951445
0.8825018141347193 0.20953653885908446
0.09031604057064996 0.4796557971881903
0.029514339707516078 0.6447016734245975
0.08955256143507484 0.6824307446086157
0.1524373484046732 0.7926724147218683
0.15294633479610828 0.547877755813537
0.2144612885937775 0.5110790785367726
0.9709182132165823 0.1476972966908571
1.0 0.28125
0.9335834156563388 0.37603765784665305
0.6218450766887881 0.2790852114417481
0.8305779473191172 0.3888104459600255
0.12028288378885289 0.8014027978919469
0.9651675302417332 0.1164472966908571
0.9667286453095867 0.37148243378798745
0.5301175274600093 0.4290973345296374
0.8905674465902511 0.4049955891866895
0.9101130849426884 0.42874669189001713
0.8788630849426884 0.42874669189001713
0.8671587232951256 0.4524977945933447
0.014959000217715224 0.2274854203027939
0.140625 0.016716287942678338
0.028746911850447733 0.29405696519815394
0.5142778456724112 0.17218712829944727
0.4003816300411591 0.025197031403177708
0.8458863847253886 0.09891810930438413
0.4166666666666667 0.7916666666666666
0.375 0.75
0.5488658873119912 0.1652459991427393
0.3735681355077388 0.0731826588567662
0.24357638254383449 0.05251153854044166
0.49919870114906084 0.3059771115430107
0.1689994217778525 0.2963934314206072
0.14852961447567406 0.3770469569307555
0.1775012613741809 0.36025034196397493
0.696922674130978 0.2918063499820097
0.2899740943797474 0.06018947021668539
0.8225313354521986 0.29194782373162154
0.02991800043543045 0.17372084060558782
0.7595582239501548 0.2738573111733268
0.20647290827268772 0.34345372699719434
0.14798606082573995 0.40949359310349576
0.20592935462275364 0.3759003631699346
0.35151951805157333 0.10897790945452952
0.02991800043543045 0.14247084060558782
0.1495018641587965 0.05509310341088797
0.3083768594674164 0.13177997141221204
0.25303285920822816 0.08978267298032322
0.201171875 0.935546875
0.3697916666666667 0.8385416666666666
0.359375 0.765625
0.4201388888888889 0.720486111111111
0.4184027777777778 0.7560763888888888
0.3975694444444445 0.7352430555555555
0.061569821369336225 0.5643603572613276
0.09974493374180662 0.021619933741806624
0.5383909680548628 0.1936730861427901
0.4502839911502564 0.11234158553569824
0.09235473205400434 0.5809155358919913
0.6052085720909137 0.2010765450304774
0.2282064766643937 0.07070371032523824
0.11955796757716723 0.39384357189753616
0.4870202252281352 0.2837190844761119
0.09235473205400434 0.5496655358919913
0.04370591206816296 0.24029238550094784
0.7806617816784585 0.2919006658150843
0.7387922279047181 0.291853507898547
0.46970407510289774 0.06299257850794426
0.2926908456435806 0.345427949256901
0.10862179790060311 0.05999674921001625
0.3985661547397641 0.11073596196718696
0.23697916666666669 0.7682291666666666
0.7332263335865421 0.05656462919841291
0.2125814766643937 0.08741999826791658
0.17574913448416468 0.10144739215192877
0.7472490450425007 0.025488630997339057
0.399427053712985 0.07398547064102184
0.6137089683688983 0.23531475703911836
0.5814794059724273 0.22097016899472305
0.33622576438951657 0.510393313755171
0.2760416666666667 0.8072916666666666
0.2994791666666667 0.8151041666666666
0.3463541666666667 0.8307291666666666
0.34114583333333337 0.7942708333333333
0.3229166666666667 0.8229166666666666
0.8319305315329395 0.3337422810767066
0.21875 0.796875
0.19140625 0.91015625
0.27760414763150343 0.10738575179328996
0.748191423985459 0.33364796524363205
0.19721157078495288 0.10561217005271317
0.29563241890664316 0.3061344342193117
0.028746911850447733 0.26280696519815394
0.41808496166063625 0.19548928336008256
0.3423181355077388 0.0731826588567662
0.31958600724025565 0.3259296728520702
0.7682954809067357 0.05179333033512309
0.7900609777591991 0.33369512316016936
0.7063218702117187 0.3336008073270948
0.4353495393573641 0.16054631973262
0.45114489012347725 0.07559109420953312
0.11536993374180662 0.03833622168448496
0.2526041666666667 0.7994791666666666
0.4067768844391486 0.1588380090861482
0.29917547692358193 0.0959847208144487
0.3207468062156604 0.08458368983560746
0.4249023611090973 0.08714455413252054
0.801765339406762 0.3099440204568417
0.7180262318592815 0.30984970462376715
0.0 0.21875
0.18268440391196286 0.12309152235253956
0.15625 0.0
0.1651346862270984 0.0718447869272931
0.2689477765682166 0.046514150133976404
0.3294651426994505 0.14557253321568114
0.4489626049625818 0.05240706099569733
0.3721876984174836 0.12197561531220563
0.17163612133129186 0.05010740208222025
0.25088288547522625 0.026756663928673437
0.3074737105412482 0.15617870824872943
0.4391984021803436 0.03024719284377217
0.3506074399001386 0.13335975174362352
0.3933098129623808 0.13497356007446104
0.18142300567438246 0.025640972009727432
0.6885406624641646 0.26115511440628514
0.44321469907407407 0.7693865740740741
0.8500245686180853 0.2811547290238739
0.9408764346743409 0.42914717393365304
0.9296587232951256 0.4590388191483605
0.09093110739239889 0.4095918789851589
0.90625 0.5
0.9257380849426884 0.2508272660627314
0.9648293616475627 0.23582947146938663
0.9061924465902511 0.2583261633594037
0.8866468082378138 0.26582506065607614
0.8448181923626943 0.07820077717033488
0.5156836732230754 0.3458176428837725
0.6987795892383653 0.16699633114467832
0.1890552911737386 0.21146049812397383
0.2223278058717164 0.6121118024630519
0.13513089832628886 0.32055199206866536
0.18503022981427086 0.2672736430374626
0.10118777172575599 0.36539601987996706
0.06444738002293354 0.30850091584482886
0.4270015709978312 0.3742714460691455
0.22330725924419764 0.6286291949388009
0.47357561961075945 0.3996668644016771
0.3156154012356381 0.2485561483128509
0.5993441767139676 0.3564474785639305
0.14246223821568316 0.24714746500458018
0.9213754547290138 0.0783381603129877
0.4971919864126024 0.04662625418428657
0.36758626616698953 0.3967814378916099
0.7384546662218512 0.25581395653156935
0.10227487902562421 0.3005027475344866
0.6471177703869238 0.239016486482962
0.034150222891191157 0.328125
0.20771896395166725 0.17566042350727112
0.4937807638817331 0.027728480631903293
0.5070747878457842 0.105851024070162
0.45009698984736024 0.3295775000393139
0.8332433353071214 0.42065412027668514
0.2163050737030289 0.29194903381949755
0.24441036105462052 0.2962170410168814
0.8146363847253886 0.06059581261352702
0.030149625196092093 0.6118784260276307
0.3722723599137931 0.6528825431034482
0.6076174649285421 0.15029881138127377
0.8157045770880829 0.1004742930930048
0.20963334140500145 0.4426451684967405
0.4057765599462131 0.30748390706657736
0.011383407630397052 0.359375
0.42591627624846107 0.5469730554054364
0.14073977119825887 0.7175540334985013
0.12733192928345913 0.26485342608873425
0.16477491227281924 0.24047124730904906
0.22502708629161605 0.45096650001220695
0.6155848377871475 0.3445662284582672
0.11643002458836993 0.1784363583565016
0.7865909618134714 0.12274780901567472
0.7553409618134714 0.10358666067024618
0.20931060871519022 0.2382628938523873
0.8901254547290138 0.06624930865841624
0.44388800125478345 0.640669507095804
0.4695210095057062 0.4428064399703928
0.5903317177451388 0.1599049357942391
0.9492043616475627 0.47624889729667236
0.4549326123361529 0.4558680896974091
0.3981384984706833 0.5695424998498808
0.02975360348180828 0.3878225520175691
0.4035576700235369 0.26309349335093873
0.4401784534956008 0.3529303945345621
0.12064507487703545 0.3289502995520557
0.43791851392643466 0.3073194729724151
0.448876506501528 0.24158800772219305
0.46205338899929765 0.22024695618760964
0.7844545770880829 0.08131314474757625
0.8554543616475627 0.47624889729667236
0.39227879549808425 0.6175466954022988
0.15088137048396424 0.47782640664794357
0.4025158237515562 0.48037920198047634
0.3788047844794964 0.4956977036155594
0.7002891695213853 0.45245063667680746
0.022918076502984743 0.10554852817339361
0.37491768438697315 0.6218869731800765
0.44388800125478345 0.578169507095804
0.3806359370965735 0.4638988068893666
0.678182374034362 0.2030123035533873
0.7086280059793378 0.20861146023625643
0.6884809816363636 0.1850043173490328
0.7617043616475627 0.47624889729667236
0.7851130849426884 0.42874669189001713
0.022918076502984743 0.07429852817339361
0.722308754282078 0.42867595501521116
0.7287750303223121 0.23221860312348006
0.6678837664323605 0.22102028975774182
0.3515213421934866 0.6299539032567049
0.691058754282078 0.42867595501521116
0.7715639794662249 0.21423549988176002
0.13668534212982153 0.2052387540849151
0.7514169551232507 0.1906283569945364
0.875034550910361 0.03828567803458376
0.1898511135555001 0.24276173329653192
0.8448181923626943 0.05903962882490634
0.42005657327586204 0.6574772509578544
0.8599090961813471 0.048680962757881724
0.2509765625 0.9306640625
0.14934047847259685 0.1891569418397049
0.283203125 0.919921875
0.05252041874260238 0.3565725520175691
0.04113701111220533 0.3721975520175691
0.06390382637299943 0.3409475520175691
0.08281757587434477 0.33694846786239796
0.1017313253756901 0.3329493837072268
0.8163630849426884 0.42874669189001713
0.4356996240037584 0.26292905925677645
0.2587890625 0.9033203125
0.9804543616475627 0.47624889729667236
0.4195001300862011 0.6280078691647695
0.41611022347700566 0.6007389515402484
0.7390736379243137 0.21421061691912555
0.7855227694507771 0.10203047688162549
0.4253598330588001 0.5800036736123515
0.41895344244398275 0.286142855531994
0.7929543616475627 0.47624889729667236
0.8242043616475627 0.47624889729667236
0.8046587232951256 0.4524977945933447
0.0 0.34375
0.8427662763762732 0.03987848047947779
0.8966685257522913 0.09197131573062022
0.014559198385118134 0.3258113154745705
0.07042747661258718 0.2900578810429828
0.062022857744772585 0.3754545637797821
0.10794922928114892 0.2806136792534021
0.09597638303516144 0.38747467425828763
0.1752659488586275 0.19615035274442172
0.4771827066741985 0.040481348489225064
0.6762293375493625 0.1660488764743069
0.6556321223453594 0.20206484888301607
0.5903429232560714 0.13956961252169695
0.792449750210299 0.051015238440812745
0.7375003487236022 0.11489273270553169
0.43341563721049836 0.5282292989485635
0.47471033554116676 0.463279961127405
0.596052749831107 0.33490794911548305
0.8169590425934823 0.4083383004193333
0.051527170709956494 0.2941205469705347
0.07651812837391259 0.27159147068383255
0.08935466971264718 0.2861223786601924
0.19488563761414104 0.19234442233631677
0.5767863150322341 0.12228284518654041
0.7288443262548375 0.0917179319577701
0.7372420906000411 0.13911273304211175
0.415054952124673 0.5317553267039878
0.4871801601834203 0.48089455490228067
0.5817204272989931 0.315504916279384
0.8098430567701578 0.3888626449342801
0.06269850025536201 0.253230406593891
0.39392798652392746 0.5325057807229276
0.53125 0.5
0.7850802020587392 0.3821941729353504
0.385401662029897 0.5522327893683457
0.3763333389864928 0.5722463122694107
0.0 0.09375
0.04655500840079399 0.056542816475833216
0.2332232015973827 0.27521351502999186
0.19674392788059444 0.3094164352633183
0.4148230950769055 0.35201341900224664
0.4629910123657537 0.308061798595586
0.749517677726124 0.43179138538148665
0.654968395946799 0.15615723665341924
0.6348863673037628 0.19287499841462935
0.5931455501763946 0.2877792070961864
0.5104212825519862 0.47915346469998293
0.7574004345483691 0.3764269693017125
0.6573420305994683 0.13224301930222976
0.6372901540428211 0.11848062717928848
0.21319837195843105 0.6542554912386299
0.78125 0.5
0.84375 0.5
0.96875 0.5
1.0 0.46875
0.9831673796885144 0.454098300536695
0.9736004475319543 0.4315693956020381
1.0 0.40625
0.8767161620272462 0.10991021483590212
1434
0 39 38
39 0 37
663 654 734
663 38 39
41 654 663
663 734 38
39 735 663
678 152 706
41 663 735
40 37 506
41 390 388
36 390 41
388 390 34
41 388 654
390 154 383
40 39 37
421 733 14
654 388 495
27 495 264
27 654 495
560 234 471
264 234 560
560 471 18
741 708 178
264 495 489
566 707 518
364 489 34
34 489 495
34 495 388
364 34 383
234 364 33
364 234 489
393 33 364
471 234 515
364 383 393
489 234 264
383 34 390
33 515 234
41 735 36
602 518 707
35 472 552
472 35 562
552 520 40
552 506 35
496 520 552
520 36 40
552 472 226
35 506 37
226 574 568
574 226 562
226 568 496
226 496 552
158 496 563
158 520 496
563 496 568
158 563 525
563 42 525
472 562 226
733 639 14
520 158 36
29 383 154
36 158 154
212 393 670
393 383 629
629 670 393
393 212 33
383 29 629
390 36 154
154 153 29
153 154 525
152 678 153
29 153 678
670 678 133
670 629 678
608 720 152
212 670 600
673 626 133
678 629 29
158 525 154
626 670 133
563 568 42
40 506 552
408 243 732
209 33 212
18 543 473
18 471 543
473 607 701
473 205 18
26 607 473
473 701 205
473 543 211
742 709 95
605 719 704
728 718 211
594 26 717
717 473 211
682 26 594
717 702 594
683 594 187
607 26 682
187 684 683
543 515 728
471 515 543
683 682 594
640 622 681
622 698 191
263 21 220
640 21 622
220 21 640
636 208 710
622 191 681
205 701 698
680 682 203
680 191 607
203 682 683
203 703 680
640 198 220
198 640 681
681 680 703
112 220 198
198 703 705
680 681 191
607 682 680
267 263 220
683 593 203
178 658 709
719 605 187
605 704 24
684 605 643
684 187 605
643 605 24
684 643 200
24 591 643
593 683 684
216 625 600
625 209 212
212 600 625
216 600 626
483 591 24
24 216 483
592 483 216
175 591 183
216 626 592
24 625 216
718 728 209
643 591 175
593 200 512
593 684 200
580 512 20
580 705 512
20 512 492
367 198 580
200 484 512
198 705 580
484 175 485
175 484 200
183 485 175
484 485 108
382 492 366
108 492 484
366 492 108
492 382 20
485 493 108
484 492 512
643 175 200
20 367 580
183 591 483
719 187 702
670 626 600
399 20 382
561 153 525
94 588 708
574 277 238
277 574 562
42 238 511
238 42 574
511 238 481
42 511 524
277 22 238
541 525 42
569 481 238
564 569 323
481 564 150
564 481 569
539 150 555
511 481 498
569 22 323
569 238 22
68 247 731
498 481 150
561 541 43
561 525 541
152 43 608
152 153 43
608 43 308
720 134 589
541 322 43
153 561 43
524 511 322
322 511 498
539 498 150
322 498 539
329 608 308
308 322 539
31 329 308
43 322 308
308 539 31
541 524 322
541 42 524
134 608 329
150 564 487
706 589 133
323 344 151
344 323 22
555 487 556
151 487 323
556 487 151
497 539 555
344 320 151
555 150 487
320 44 147
44 320 344
527 480 147
320 147 545
494 556 545
556 151 545
480 545 147
555 556 149
567 46 521
545 151 320
232 260 730
480 46 545
31 497 570
539 497 31
570 565 155
565 570 497
155 565 159
31 570 303
497 149 565
31 303 329
556 494 149
494 545 46
494 46 567
149 494 572
572 567 159
567 572 494
332 159 45
159 565 572
159 567 573
572 565 149
555 149 497
155 159 332
527 46 480
487 564 323
358 232 744
303 570 155
589 134 632
720 589 706
28 592 673
592 626 673
632 673 589
28 673 632
134 300 632
592 613 737
632 300 28
300 134 339
184 300 296
736 614 613
736 613 28
736 184 614
614 215 193
613 614 193
300 339 296
28 613 592
329 339 134
193 737 613
491 493 485
183 737 491
108 365 366
108 493 365
380 365 493
366 365 620
493 491 23
485 183 491
193 215 23
415 23 402
23 415 380
380 493 23
365 116 620
365 380 116
391 116 380
627 620 116
380 415 391
23 491 193
193 491 737
382 366 117
614 184 215
589 673 133
106 296 339
303 155 106
184 542 215
296 30 184
542 184 30
519 215 542
296 106 598
339 303 106
598 332 341
332 598 106
341 332 331
598 341 30
30 302 330
302 30 341
311 326 330
542 30 546
135 302 341
598 30 296
155 332 106
330 546 30
402 519 445
519 402 215
415 125 391
415 445 125
125 445 362
392 391 125
519 122 445
415 402 445
546 330 122
546 122 519
122 330 326
122 326 362
362 603 110
603 362 326
25 603 326
125 362 363
603 287 110
122 362 445
519 542 546
116 391 392
135 330 302
402 23 215
303 339 329
110 363 362
147 44 475
574 42 568
246 745 245
117 366 620
223 267 269
267 9 263
9 223 261
223 9 267
228 261 223
647 711 615
267 112 269
267 220 112
452 269 112
270 452 121
269 270 114
270 269 452
505 114 514
269 114 223
452 367 399
452 112 367
112 198 367
228 223 114
453 616 371
228 616 19
19 453 204
453 19 616
194 204 453
631 317 712
616 228 111
228 19 261
616 111 371
371 109 453
111 505 509
373 371 372
109 373 454
373 109 371
454 373 357
194 453 109
371 111 372
228 505 111
228 114 505
454 194 109
270 514 114
321 711 547
399 650 121
399 382 650
270 271 514
270 121 271
272 271 121
15 514 271
121 650 272
121 452 399
650 273 272
273 650 117
119 378 379
272 273 120
456 120 378
120 456 272
377 378 120
15 271 456
273 457 120
272 456 271
367 20 399
360 456 378
372 509 360
15 509 514
357 373 118
360 118 372
454 357 58
118 373 372
360 509 15
372 111 509
360 119 359
360 15 456
126 359 361
359 357 118
357 126 355
126 357 359
351 355 285
357 355 58
355 126 285
359 118 360
378 119 360
58 355 624
273 117 274
509 505 514
650 382 117
182 454 58
194 448 10
448 194 182
10 384 100
174 384 10
100 384 434
623 268 724
10 448 174
194 10 204
436 182 441
436 174 448
441 182 374
436 441 403
174 403 434
403 174 436
418 434 403
174 434 384
418 403 84
436 448 182
454 182 194
100 434 385
250 57 222
385 57 100
5 278 252
250 278 57
91 278 250
356 638 714
57 385 222
725 714 358
241 222 97
222 385 434
418 97 222
241 91 250
252 91 279
252 278 91
249 279 91
252 279 5
91 241 240
250 222 241
434 418 222
726 299 295
84 403 441
338 713 354
394 84 441
394 374 197
463 97 418
463 84 394
97 463 221
463 418 84
394 455 463
394 441 374
624 351 197
351 624 355
176 455 197
197 455 394
221 455 12
221 463 455
176 12 455
221 12 233
176 197 351
374 624 197
182 58 374
97 221 242
350 240 92
240 241 242
56 249 306
350 249 240
306 249 350
249 56 279
240 242 92
249 91 240
92 233 538
233 92 242
244 538 233
92 538 201
306 201 346
306 350 201
304 346 201
306 346 56
201 538 499
201 350 92
242 221 233
727 716 68
244 233 12
241 97 242
624 374 58
192 628 715
359 119 361
723 712 317
274 627 17
274 117 620
410 377 457
377 120 457
17 457 274
410 457 17
627 392 17
377 379 378
369 113 407
113 369 392
407 410 17
407 17 369
410 426 124
426 410 407
411 124 428
410 124 377
407 123 426
369 17 392
116 392 627
377 124 379
590 361 119
590 379 411
285 126 748
88 285 328
88 176 351
351 285 88
596 361 590
119 379 590
590 11 596
11 590 411
310 11 376
596 11 328
328 310 336
310 328 11
336 310 85
328 336 88
376 11 411
328 748 596
379 124 411
297 88 336
428 124 426
457 273 274
427 426 123
123 113 530
428 427 115
428 426 427
115 427 421
428 115 376
123 408 427
123 407 113
47 530 113
657 47 363
243 530 652
47 113 363
655 421 14
408 123 243
733 421 408
421 427 408
652 530 47
123 530 243
113 392 363
115 421 667
288 85 310
376 115 288
335 85 315
335 336 85
290 315 85
305 335 315
85 288 325
376 288 310
667 655 617
288 115 667
617 349 325
667 617 325
325 349 290
478 13 504
290 13 315
325 290 85
143 13 290
667 325 288
421 655 667
297 336 335
732 243 729
376 411 428
627 274 620
13 305 315
176 522 537
522 176 297
12 237 244
12 537 237
553 237 537
244 237 405
537 522 553
79 538 244
82 553 522
297 335 82
553 82 531
237 553 531
66 405 237
237 531 66
66 531 532
687 405 156
82 138 531
522 297 82
176 88 297
244 405 79
499 79 196
499 538 79
444 304 442
196 304 499
442 304 196
304 444 346
79 677 196
499 304 201
387 677 679
687 677 79
687 679 677
677 387 437
442 437 8
442 196 437
395 8 437
442 8 444
437 387 395
437 196 677
79 405 687
473 717 26
156 405 66
176 537 12
138 532 531
138 305 501
535 137 66
535 532 138
137 535 533
137 156 66
138 534 535
138 82 305
148 534 501
501 534 138
501 305 13
146 148 501
533 148 500
148 533 534
224 500 148
533 500 137
500 224 6
534 533 535
335 305 82
137 500 6
679 156 71
679 687 156
395 71 280
395 387 71
280 71 257
395 280 8
156 217 71
71 387 679
217 6 254
217 156 137
253 254 6
217 254 257
257 80 284
80 257 254
719 209 704
257 284 280
80 254 258
217 257 71
137 6 217
543 728 211
501 478 146
532 535 66
478 501 13
211 702 717
162 617 655
361 596 748
363 392 125
462 612 716
363 110 657
721 710 208
475 262 571
262 475 44
144 571 566
571 144 475
219 566 571
551 144 566
571 262 219
475 144 527
219 16 609
16 219 262
609 707 219
707 609 602
236 602 609
518 602 275
602 236 275
707 566 219
243 229 729
551 566 518
527 557 521
527 144 557
573 521 161
573 567 521
161 521 557
554 573 161
557 508 161
46 527 521
518 49 551
557 144 551
49 275 610
551 49 508
49 352 508
352 49 610
352 610 188
161 508 312
275 173 610
551 508 557
275 49 518
508 352 312
236 609 16
554 159 573
236 266 105
266 236 16
417 105 248
248 105 266
423 248 419
423 417 248
266 51 248
105 173 275
51 265 397
230 462 727
397 265 83
51 397 419
397 438 419
438 397 83
438 83 213
419 438 423
83 294 291
51 419 248
515 33 728
439 423 438
721 52 710
370 173 105
188 173 208
188 610 173
173 370 721
479 188 208
370 417 439
370 105 417
423 439 417
438 213 439
746 747 291
213 747 439
747 213 291
746 94 741
210 618 52
52 618 710
588 94 286
439 52 370
83 291 213
94 708 741
334 94 291
275 236 105
209 728 33
474 352 188
554 550 544
554 161 550
554 544 45
544 550 190
172 544 190
331 45 544
550 312 190
45 159 554
352 292 312
352 474 292
292 474 32
292 646 190
318 646 32
32 646 292
507 32 474
316 327 32
474 479 507
292 190 312
161 312 550
646 645 190
331 172 641
172 331 544
641 686 694
686 641 172
694 686 87
641 694 135
172 645 686
331 641 135
646 318 645
645 172 190
318 327 513
645 318 87
513 482 739
513 87 318
89 513 327
482 513 89
89 327 301
645 87 686
327 318 32
694 87 644
316 32 507
135 341 331
214 99 636
636 479 208
636 99 479
510 99 214
529 99 510
99 316 507
636 618 214
474 188 479
210 214 618
741 214 210
708 660 178
709 742 178
658 666 709
658 178 660
659 202 658
709 666 95
659 658 660
742 510 214
588 660 708
528 510 95
316 529 90
529 316 99
316 90 301
90 529 528
90 528 461
301 90 743
510 528 529
316 301 327
186 606 666
606 528 95
202 666 658
575 666 202
186 368 461
186 461 606
575 186 666
575 486 186
202 665 575
606 461 528
666 606 95
89 301 295
660 588 181
99 507 479
636 710 618
743 461 192
235 83 265
147 475 527
547 526 321
50 526 235
526 523 235
523 526 547
86 523 547
235 523 294
526 50 321
50 235 265
321 347 132
347 321 50
615 132 674
314 132 347
127 615 586
615 711 132
347 76 314
711 321 132
192 715 726
547 711 647
712 334 722
523 86 722
334 294 722
722 631 712
317 631 692
723 334 712
86 647 631
334 291 294
692 647 127
86 547 647
586 619 127
692 127 619
619 630 692
630 619 145
413 630 145
692 630 317
145 619 476
647 692 631
615 127 647
413 317 630
314 676 699
334 286 94
672 676 314
353 672 309
61 674 676
699 676 674
672 633 676
672 353 633
672 76 309
314 76 672
69 309 342
342 309 76
744 3 725
293 342 1
171 69 293
293 69 342
207 293 1
353 69 601
354 724 229
309 69 353
3 356 725
293 207 171
633 700 61
61 586 674
61 476 586
61 700 756
700 401 756
586 476 619
130 756 401
61 676 633
601 171 170
601 633 353
170 171 464
170 400 401
458 400 464
464 400 170
77 464 171
458 464 77
171 207 77
401 700 170
69 171 601
476 130 145
639 732 268
674 586 615
726 295 743
401 400 414
181 659 660
671 181 59
181 691 659
691 181 671
669 691 671
659 691 665
181 286 59
588 286 181
424 59 413
286 723 59
145 409 435
413 145 435
195 424 435
435 424 413
404 435 409
669 671 424
446 404 449
59 424 671
317 413 59
404 195 435
665 107 604
665 691 107
517 185 604
604 185 665
490 604 107
490 517 604
107 450 490
185 575 665
450 669 195
195 669 424
446 195 404
450 195 446
199 488 189
189 490 450
450 199 189
490 189 516
199 450 446
450 107 669
691 669 107
185 486 575
404 409 70
665 202 659
416 70 381
381 70 409
449 70 451
449 199 446
416 451 70
180 449 451
381 130 414
381 409 130
400 73 414
414 130 401
73 458 177
414 73 416
416 73 179
177 458 206
177 206 60
451 416 179
458 77 206
414 416 381
458 73 400
73 177 179
199 180 585
180 199 449
585 584 75
584 585 180
75 584 582
577 585 429
180 582 584
199 585 577
582 179 583
583 179 177
60 583 177
425 583 60
75 425 430
425 582 583
459 425 60
425 75 582
631 722 86
179 582 180
180 451 179
429 585 75
59 723 317
449 404 70
145 130 409
577 488 199
334 723 286
294 83 235
727 68 731
425 459 430
135 621 311
135 694 621
131 738 311
287 25 595
289 110 287
287 603 25
131 311 621
25 326 311
131 644 611
644 131 621
642 595 738
642 131 611
157 595 642
313 287 157
739 644 87
642 738 131
644 621 694
595 157 287
657 289 651
657 110 289
652 651 229
651 652 657
229 651 354
724 268 729
289 101 651
652 47 657
101 313 638
313 101 289
635 638 313
354 101 356
623 713 93
354 713 724
93 713 338
623 93 656
356 101 638
354 651 101
289 287 313
713 623 724
160 642 611
135 311 330
412 160 587
644 739 611
157 412 597
412 157 160
597 412 389
597 635 313
160 482 587
160 157 642
298 295 299
298 482 89
726 715 299
298 299 54
54 389 412
54 587 298
307 389 54
54 412 587
307 54 440
298 587 482
160 739 482
597 389 102
635 102 358
102 635 597
338 356 3
638 635 714
356 714 725
356 338 354
102 466 358
635 358 714
466 307 103
466 102 389
443 103 307
466 103 232
730 3 744
744 725 358
260 232 103
338 3 348
132 314 699
232 358 466
389 307 466
93 338 348
440 54 299
313 157 597
298 89 295
622 21 698
649 14 690
639 733 732
617 162 349
655 649 162
689 162 649
349 162 675
690 14 639
655 14 649
693 690 639
268 623 693
689 690 168
689 649 690
349 675 143
162 689 675
634 675 689
502 143 96
96 143 675
639 268 693
729 268 732
143 504 13
148 477 224
146 478 504
253 6 224
253 224 255
258 253 72
254 253 258
146 504 503
477 148 146
65 477 576
503 477 146
502 503 504
576 477 503
255 224 65
255 65 256
72 255 259
72 253 255
136 503 502
224 477 65
504 143 502
258 72 251
693 168 690
143 290 349
634 168 333
634 689 168
96 340 502
675 634 96
333 96 634
502 340 136
337 168 656
168 693 656
337 348 98
337 656 93
674 132 699
98 333 168
343 340 96
343 333 98
136 340 7
343 96 333
633 601 700
98 168 337
623 656 693
7 340 343
218 256 65
576 136 218
251 72 259
255 256 259
259 256 81
258 251 281
218 282 256
218 65 576
81 256 282
718 702 211
705 703 203
283 259 81
251 283 4
251 259 283
512 705 593
251 4 281
625 24 704
282 218 7
136 7 218
719 718 209
607 191 701
576 503 136
348 337 93
258 281 80
260 103 225
229 243 652
368 53 396
368 186 53
368 628 192
628 368 396
628 396 104
599 299 715
396 53 239
192 726 743
185 559 486
53 186 486
559 517 64
559 549 53
559 540 549
540 559 64
246 540 548
239 53 549
490 64 517
559 53 486
368 192 461
245 549 540
628 104 599
396 398 104
440 104 422
104 440 599
433 422 104
440 422 443
104 398 433
440 299 599
239 245 67
398 396 239
239 549 245
731 745 246
239 67 433
245 745 67
67 247 664
422 433 432
230 731 246
239 433 398
540 246 245
432 433 67
540 64 548
715 628 599
189 558 516
517 559 185
536 548 558
548 64 558
62 558 488
62 536 558
577 62 488
558 64 516
75 420 431
62 577 429
169 430 459
386 430 169
375 431 420
431 429 75
386 420 430
431 406 429
169 78 386
62 429 406
430 420 75
386 163 420
536 406 447
406 536 62
230 447 462
447 230 536
142 462 447
731 230 727
406 129 447
536 230 548
431 129 406
431 375 129
375 163 460
467 129 375
166 460 465
465 460 163
465 163 386
460 467 375
386 78 465
142 447 129
420 163 375
716 727 462
370 52 721
230 246 548
64 490 516
465 78 166
422 276 443
422 432 276
432 139 276
139 432 668
139 668 653
276 139 319
67 668 432
276 225 103
231 740 662
668 67 664
662 68 685
247 740 664
664 227 653
664 740 227
697 662 685
653 227 324
716 685 68
664 653 668
662 247 68
139 653 324
225 319 55
139 324 345
319 345 55
319 139 345
345 324 48
170 700 601
225 276 319
225 55 260
695 661 231
48 227 661
697 231 662
695 231 697
661 749 48
749 661 695
696 167 695
187 594 702
696 695 697
48 324 227
661 227 231
698 701 191
697 685 140
103 443 276
612 142 469
685 716 612
612 470 140
470 612 469
141 470 469
140 470 648
142 467 469
140 696 697
468 467 74
74 467 460
166 74 460
578 74 166
579 468 578
578 468 74
754 578 166
469 468 141
755 165 754
467 468 469
142 129 467
754 165 753
140 648 696
470 141 63
63 648 470
63 141 581
209 625 704
167 696 750
141 579 581
750 696 648
579 128 637
579 141 468
637 128 688
579 637 164
637 751 164
751 637 688
753 752 688
133 678 706
752 2 688
579 164 581
578 128 579
203 593 705
608 134 720
140 685 612
462 142 612
198 681 703
173 721 208
443 307 440
488 558 189
152 720 706
523 722 294
331 332 45
229 724 729
702 718 719
408 732 733
39 40 735
654 27 734
36 735 40
28 300 736
184 736 300
183 483 737
592 737 483
595 25 738
311 738 25
513 739 87
160 611 739
662 740 247
231 227 740
741 178 742
741 210 746
510 742 95
742 214 741
301 743 295
90 461 743
730 744 232
731 247 745
67 745 247
746 210 747
291 94 746
210 52 747
439 747 52
285 748 328
126 361 748
695 167 749
648 63 750
688 2 751
753 688 128
754 753 128
165 752 753
578 754 128
754 166 755
130 476 756
166 78 755
61 756 476
78
1 342
2 752
3 730
283 4
5 279
0 38
343 7
8 280
9 261
10 100
16 262
19 204
18 205
21 263
27 264
22 277
35 37
37 0
38 734
44 344
50 265
749 48
51 266
345 55
56 346
57 278
60 206
581 63
76 347
77 207
78 169
80 281
282 81
98 348
100 57
164 751
165 755
750 167
169 459
204 10
205 698
206 77
207 1
260 55
261 19
262 44
263 9
264 560
265 51
266 16
277 562
278 5
279 56
280 284
281 4
7 282
81 283
284 80
342 76
343 98
344 22
48 345
346 444
347 50
348 3
444 8
459 60
560 18
562 35
164 581
698 21
734 27
730 260
749 167
750 63
751 2
752 165
755 78
