170
0.0 0.0
1.0 0.0
1.0 0.5
0.5 0.5
0.5 1.0
0.0 1.0
0.375 0.875
0.5 0.75
0.25 1.0
0.0 0.5
0.0 0.75
0.25 0.625
0.1875 0.8125
0.3541666666666667 0.7291666666666666
0.38888888888888884 0.5902777777777777
0.12313964273867245 0.5662207145226551
0.5 0.0
0.24216437302014998 0.49286086019400754
0.0 0.25
0.0 0.625
0.11901441392723312 0.4262902080702764
0.0 0.375
0.25 0.0
0.23490100152126045 0.35910374820315394
0.12118862852696956 0.29650366337931544
0.39838786643312574 0.37134262757616526
0.04553363052158821 0.3125
0.0 0.125
0.2101064310969517 0.2695641290249454
0.12908516093114525 0.1623545461112914
0.3225275805033182 0.2866361578144809
0.28680553017533794 0.14318100239105327
0.5038029264152828 0.2006142152994981
0.07846461556004394 0.22668179509213213
0.0598360008708609 0.15994168121117563
0.125 0.0
0.0972208784370992 0.08192764595831431
0.0625 0.0
0.0 0.0625
0.03125 0.03125
0.07448986748361325 0.04323986748361325
0.045836153005969486 0.08609705634678722
0.1875 0.06686515177071335
0.20692314156990577 0.144359188334713
0.375 0.0
0.38951230674242077 0.19378097271361072
0.3730908473436518 0.09757687847568827
0.3569248978245137 0.4792173085244496
0.75 0.5
0.47652652016463637 0.10078812561271083
0.75 0.0
0.625 0.0
0.598719590889228 0.12103971944251551
0.6761566780855413 0.3098025467072299
0.5420871816488495 0.36230527972928606
0.625 0.5
0.125 1.0
0.0 0.875
0.1214275131558205 0.6982174605325385
0.7585455389015542 0.16573865707239388
1.0 0.25
0.875 0.07664459338171421
0.8436348931805022 0.309991178373379
0.875 0.5
0.7598957856330217 0.30989686254030446
0.4375 0.8125
0.28125 0.84375
0.7130783390427706 0.4049012733536149
0.7968174465902511 0.4049955891866895
0.9375 0.038322296690857106
0.8593174465902511 0.19331788587754659
0.3125 0.9375
0.4375 0.9375
0.9375 0.1633222966908571
0.9218174465902511 0.4049955891866895
0.9218174465902511 0.2799955891866895
0.875 0.0
1.0 0.125
1.0 0.375
0.2265625 0.9140625
0.375 1.0
0.5 0.875
0.27083333333333337 0.7708333333333333
0.674359795444614 0.06051985972125776
0.09375 0.78125
0.30208333333333337 0.6770833333333333
0.7542727694507771 0.08286932853619694
0.45109539642420426 0.2859784214378317
0.21875 0.71875
0.5229450540320661 0.28145974751439207
0.589979802250412 0.255208381003364
0.0625 0.9375
0.15625 0.90625
0.4444444444444444 0.5451388888888888
0.678632564895391 0.1433891882574547
0.6374381344873846 0.2154211330748727
0.4444444444444444 0.6701388888888888
0.09375 0.84375
0.5 0.625
0.5729790096944427 0.1867319569860821
0.0 0.8125
0.43103757060844705 0.47188064245825956
0.49153596365898233 0.42213346424122855
0.5714840222669999 0.43841430403905135
0.6241198496327259 0.3743521776099016
0.549359795444614 0.06051985972125776
0.30466655533932807 0.2149085801027671
0.7592206622672879 0.23781775980634917
0.1769577077242468 0.39269697813671517
0.06071375657791025 0.6616087302662692
0.3776563821288197 0.42527996805030743
0.061569821369336225 0.5956103572613276
0.05950720696361656 0.4631451040351382
0.29954463542233184 0.4860390843592286
0.061569821369336225 0.5331103572613276
0.3194444444444444 0.6076388888888888
0.2385326872707052 0.42598230419858074
0.18058939347369155 0.45957553413214197
0.12228357794724648 0.6322190875275968
0.18656982136933623 0.5956103572613276
0.18265200787941122 0.5295407873583313
0.12107702833295278 0.49625546129646575
0.3166444339771931 0.3652231878896596
0.3155266309545194 0.5415693189858926
0.246082186510075 0.5589304300970037
0.29591294967288706 0.4191605283638018
0.1790601111436474 0.6659602743595086
0.8146363847253886 0.07975696095895557
0.9609087232951256 0.4524977945933447
0.8827261698853767 0.35749338378003426
0.8671587232951256 0.1349812396296304
0.424741631428665 0.32866052450699845
0.8146363847253886 0.04143466426809847
0.16959579601404848 0.21595933756811841
0.20851478633342874 0.2069616586798292
0.38681148846376123 0.28630728962615626
0.4409722222222222 0.7413194444444444
0.328125 0.859375
0.31770833333333337 0.7864583333333333
0.6690391695213853 0.45245063667680746
0.8359087232951256 0.4524977945933447
0.8984087232951256 0.4524977945933447
0.8593174465902511 0.4049955891866895
0.3993055555555556 0.6996527777777777
0.4257632600823182 0.050394062806355416
0.8167727694507771 0.12119162522705404
0.39583333333333337 0.7708333333333333
0.3740454236718259 0.048788439237844136
0.36458333333333337 0.8020833333333333
0.32994818875949483 0.12037894043337077
0.26840276508766897 0.07159050119552664
0.3115454236718259 0.048788439237844136
0.18093610170320656 0.176341367920725
0.1639982689683294 0.13602963253314418
0.12315655886537745 0.11817780019963477
0.3289820966394061 0.17076612599799149
0.291015625 0.892578125
0.4556152755625366 0.3772002645621257
0.14275372831759298 0.07675363093641925
0.37128454949131545 0.146374352148723
0.47545234826605554 0.33049447557162936
0.42404146213587646 0.12389504545868565
0.39566870210727967 0.6448156130268198
0.9442855046668037 0.34666990161008493
0.9375 0.5
1.0 0.4375
0.9663347593770288 0.40819660107338995
0.8125 0.5
0.4433315580651225 0.611200125302719
1.0 0.3125
299
0 39 38
39 0 37
71 79 156
41 27 38
38 39 41
45 106 155
37 35 40
41 40 36
41 39 40
40 35 158
27 41 34
154 158 153
40 39 37
34 41 36
26 18 33
34 18 27
112 21 20
26 21 18
26 20 21
21 112 9
33 18 34
131 87 160
29 133 33
134 152 43
24 20 26
24 33 133
108 20 24
24 26 33
24 133 28
29 33 34
36 154 34
121 112 20
158 35 42
79 66 156
43 42 150
22 42 35
133 152 134
31 134 43
150 42 22
28 133 134
150 151 149
151 150 22
149 155 31
149 31 150
30 106 135
106 134 31
151 46 149
31 43 150
22 44 151
134 106 28
23 108 24
23 28 30
108 116 117
116 108 23
17 117 116
108 117 20
23 125 116
24 28 23
110 125 122
122 125 23
125 47 113
110 47 125
113 47 123
125 113 116
135 122 30
122 23 30
28 106 30
121 20 117
106 31 155
153 43 152
75 169 163
113 17 116
9 114 19
9 112 114
19 109 10
111 109 19
19 114 111
158 36 40
15 111 114
119 118 15
15 118 111
126 118 119
109 118 58
111 118 109
15 121 120
15 114 121
112 121 114
58 118 126
46 144 161
97 57 100
57 91 5
97 91 57
5 91 56
87 89 160
100 10 84
45 155 159
84 58 12
84 10 109
92 56 91
12 92 97
56 92 79
92 91 97
97 84 12
84 97 100
109 58 84
54 160 89
88 58 126
153 158 42
119 120 124
120 121 117
88 12 58
88 126 11
124 120 17
126 119 11
124 123 115
123 124 17
11 115 85
115 11 124
13 85 143
11 85 88
123 14 115
124 11 119
17 113 123
88 85 82
12 82 66
82 12 88
8 79 71
66 79 12
156 66 137
8 56 79
82 138 66
79 92 12
138 13 148
13 138 82
6 71 137
156 137 71
148 137 138
6 137 148
148 13 146
137 66 138
82 85 13
8 71 80
115 162 85
119 15 120
117 17 120
32 161 49
47 14 123
101 157 102
147 44 144
147 46 151
144 49 161
144 46 147
44 16 144
147 151 44
16 51 105
93 168 14
52 49 105
105 49 16
51 52 105
83 52 51
51 50 83
16 49 144
96 168 98
161 159 46
45 32 87
161 32 45
45 87 135
87 32 89
160 54 157
131 135 87
32 90 89
135 106 45
99 52 95
99 32 49
90 95 53
95 90 99
107 53 95
89 90 54
95 52 94
99 90 32
52 99 49
90 53 104
94 52 83
25 122 135
50 132 86
132 50 76
86 127 145
127 86 132
132 61 127
86 94 83
76 1 69
163 166 74
130 145 61
145 127 61
69 61 76
69 73 61
69 1 77
61 132 76
78 165 166
86 145 59
94 59 107
59 145 70
64 107 62
70 107 59
70 62 107
64 53 107
94 86 59
107 95 94
61 73 130
145 130 70
75 73 60
75 70 73
60 73 77
169 78 163
128 2 164
73 70 130
77 73 69
62 70 75
166 128 74
86 83 50
140 63 167
53 64 67
110 25 157
131 25 135
115 14 162
47 101 93
25 131 157
110 122 25
101 102 3
110 157 101
93 3 98
3 93 101
133 29 152
98 168 93
102 103 3
93 14 47
54 102 157
96 162 168
65 146 136
65 148 146
80 6 72
6 148 65
81 6 65
80 71 6
146 143 136
13 143 146
136 96 7
96 136 143
81 72 6
65 7 81
42 43 153
72 81 4
96 98 7
65 136 7
143 162 96
80 72 4
153 152 29
110 101 47
103 54 104
54 90 104
67 68 48
68 67 64
104 53 67
139 104 67
62 129 142
62 75 129
129 74 142
129 163 74
165 128 166
142 74 141
166 163 78
62 142 68
157 131 160
68 142 140
103 139 55
103 104 139
34 154 29
154 153 29
48 55 139
158 154 36
67 48 139
3 103 55
140 141 63
140 167 68
141 164 63
164 141 128
2 128 165
159 149 46
142 141 140
167 48 68
74 128 141
168 162 14
129 75 163
103 102 54
64 62 68
162 143 85
169 75 60
149 159 155
45 159 161
39
1 76
2 165
3 55
81 4
5 56
0 38
98 7
8 80
9 19
10 100
16 44
19 10
18 21
21 9
27 18
22 35
35 37
37 0
38 27
44 22
50 51
48 167
51 16
55 48
56 8
57 5
60 77
63 164
76 50
77 1
78 169
80 4
7 81
3 98
100 57
164 2
165 78
167 63
169 60
