127
0.0 0.0
1.0 0.0
1.0 0.5
0.5 0.5
0.5 1.0
0.0 1.0
0.375 0.875
0.5 0.75
0.25 1.0
0.0 0.5
0.0 0.75
0.25 0.625
0.1875 0.8125
0.3541666666666667 0.7291666666666666
0.38888888888888884 0.5902777777777777
0.12313964273867245 0.5662207145226551
0.5 0.0
0.24216437302014998 0.49286086019400754
0.0 0.25
0.0 0.625
0.11901441392723312 0.4262902080702764
0.0 0.375
0.25 0.0
0.23490100152126045 0.35910374820315394
0.12118862852696956 0.29650366337931544
0.39838786643312574 0.37134262757616526
0.04553363052158821 0.3125
0.0 0.125
0.2101064310969517 0.2695641290249454
0.12908516093114525 0.1623545461112914
0.3225275805033182 0.2866361578144809
0.28680553017533794 0.14318100239105327
0.5038029264152828 0.2006142152994981
0.07846461556004394 0.22668179509213213
0.0598360008708609 0.15994168121117563
0.125 0.0
0.0972208784370992 0.08192764595831431
0.0625 0.0
0.0 0.0625
0.03125 0.03125
0.07448986748361325 0.04323986748361325
0.045836153005969486 0.08609705634678722
0.1875 0.06686515177071335
0.20692314156990577 0.144359188334713
0.375 0.0
0.38951230674242077 0.19378097271361072
0.3730908473436518 0.09757687847568827
0.3569248978245137 0.4792173085244496
0.75 0.5
0.47652652016463637 0.10078812561271083
0.75 0.0
0.625 0.0
0.598719590889228 0.12103971944251551
0.6761566780855413 0.3098025467072299
0.5420871816488495 0.36230527972928606
0.625 0.5
0.125 1.0
0.0 0.875
0.1214275131558205 0.6982174605325385
0.7585455389015542 0.16573865707239388
1.0 0.25
0.875 0.07664459338171421
0.8436348931805022 0.309991178373379
0.875 0.5
0.7598957856330217 0.30989686254030446
0.4375 0.8125
0.28125 0.84375
0.7130783390427706 0.4049012733536149
0.7968174465902511 0.4049955891866895
0.9375 0.038322296690857106
0.8593174465902511 0.19331788587754659
0.3125 0.9375
0.4375 0.9375
0.9375 0.1633222966908571
0.9218174465902511 0.4049955891866895
0.9218174465902511 0.2799955891866895
0.875 0.0
1.0 0.125
1.0 0.375
0.2265625 0.9140625
0.375 1.0
0.5 0.875
0.27083333333333337 0.7708333333333333
0.674359795444614 0.06051985972125776
0.09375 0.78125
0.30208333333333337 0.6770833333333333
0.7542727694507771 0.08286932853619694
0.45109539642420426 0.2859784214378317
0.21875 0.71875
0.5229450540320661 0.28145974751439207
0.589979802250412 0.255208381003364
0.0625 0.9375
0.15625 0.90625
0.4444444444444444 0.5451388888888888
0.678632564895391 0.1433891882574547
0.6374381344873846 0.2154211330748727
0.4444444444444444 0.6701388888888888
0.09375 0.84375
0.5 0.625
0.5729790096944427 0.1867319569860821
0.0 0.8125
0.43103757060844705 0.47188064245825956
0.49153596365898233 0.42213346424122855
0.5714840222669999 0.43841430403905135
0.6241198496327259 0.3743521776099016
0.549359795444614 0.06051985972125776
0.30466655533932807 0.2149085801027671
0.7592206622672879 0.23781775980634917
0.1769577077242468 0.39269697813671517
0.06071375657791025 0.6616087302662692
0.3776563821288197 0.42527996805030743
0.061569821369336225 0.5956103572613276
0.05950720696361656 0.4631451040351382
0.29954463542233184 0.4860390843592286
0.061569821369336225 0.5331103572613276
0.3194444444444444 0.6076388888888888
0.2385326872707052 0.42598230419858074
0.18058939347369155 0.45957553413214197
0.12228357794724648 0.6322190875275968
0.18656982136933623 0.5956103572613276
0.18265200787941122 0.5295407873583313
0.12107702833295278 0.49625546129646575
0.3166444339771931 0.3652231878896596
0.3155266309545194 0.5415693189858926
0.246082186510075 0.5589304300970037
0.29591294967288706 0.4191605283638018
0.1790601111436474 0.6659602743595086
217
0 39 38
39 0 37
38 39 41
40 41 39
36 40 35
41 36 34
36 41 40
40 37 35
40 39 37
38 41 27
26 18 33
21 26 20
26 21 18
18 27 34
24 20 26
29 33 34
121 112 20
112 21 20
24 26 33
33 18 34
27 41 34
21 112 9
29 34 36
42 29 36
42 35 22
29 43 28
43 29 42
42 31 43
28 33 29
106 43 31
31 22 46
30 23 28
28 43 106
31 45 106
31 42 22
28 24 33
24 23 108
24 28 23
117 20 108
116 117 108
108 23 116
108 20 24
113 125 47
125 116 23
117 116 17
113 116 125
113 47 123
125 23 122
23 30 122
121 20 117
28 106 30
36 35 42
113 17 116
9 114 19
9 112 114
19 109 10
111 109 19
19 114 111
15 111 114
15 121 120
111 118 109
118 111 15
15 119 118
15 114 121
112 121 114
109 118 58
100 10 84
5 57 91
100 97 57
97 84 12
84 10 109
91 97 92
91 57 97
84 58 12
97 100 84
109 58 84
5 91 56
126 58 118
119 120 124
120 121 117
88 12 58
88 126 11
124 120 17
88 58 126
11 124 115
123 124 17
11 85 88
115 85 11
13 82 85
124 11 119
17 113 123
88 85 82
92 12 79
92 97 12
56 79 8
79 56 92
12 66 79
56 91 92
71 79 66
66 82 13
8 71 80
8 79 71
66 6 71
66 12 82
12 88 82
123 115 124
119 15 120
117 17 120
110 125 122
46 44 49
45 31 46
49 44 16
45 46 49
16 51 105
105 52 49
52 105 51
52 94 95
16 105 49
99 49 52
45 32 87
45 49 32
25 30 87
87 30 45
32 89 87
30 106 45
99 95 90
95 99 52
54 89 90
89 32 90
95 53 90
90 32 99
49 99 32
54 87 89
52 51 83
46 22 44
50 76 86
83 86 94
86 83 50
76 61 86
50 83 51
69 1 77
1 69 76
86 61 59
69 73 61
69 61 76
77 73 69
94 59 107
94 86 59
64 53 107
53 95 107
59 70 107
95 94 107
70 73 75
70 59 61
75 60 78
60 75 73
73 77 60
107 70 62
73 70 61
75 62 70
94 52 83
90 53 104
101 47 110
110 122 25
14 115 123
93 14 47
110 25 101
47 125 110
101 102 3
102 101 25
93 3 98
3 93 101
102 103 3
101 93 47
87 102 25
14 93 98
6 66 13
14 13 85
80 71 6
80 6 72
13 65 6
85 115 14
65 96 7
13 14 96
65 72 6
81 72 65
7 96 98
96 65 13
14 98 96
80 72 4
118 119 126
123 47 14
90 104 54
102 87 54
54 104 103
104 53 67
64 68 67
55 104 67
75 74 62
74 75 78
68 74 63
74 68 62
78 2 74
62 68 64
64 107 62
67 68 48
3 103 55
81 4 72
11 126 119
7 81 65
55 103 104
48 68 63
67 48 55
74 2 63
103 102 54
67 53 64
30 25 122
35
1 76
2 78
3 55
81 4
5 56
0 38
98 7
8 80
9 19
10 100
16 44
19 10
18 21
21 9
27 18
22 35
35 37
37 0
38 27
44 22
50 51
63 48
51 16
55 48
56 8
57 5
60 77
63 2
76 50
77 1
78 60
80 4
7 81
3 98
100 57
