789
0.0 0.0
1.0 0.0
1.0 0.5
0.5 0.5
0.5 1.0
0.0 1.0
0.375 0.875
0.5 0.75
0.25 1.0
0.0 0.5
0.0 0.75
0.25 0.625
0.1875 0.8125
0.3541666666666667 0.7291666666666666
0.38888888888888884 0.5902777777777777
0.12313964273867245 0.5662207145226551
0.5 0.0
0.24216437302014998 0.49286086019400754
0.0 0.25
0.0 0.625
0.11901441392723312 0.4262902080702764
0.0 0.375
0.25 0.0
0.23490100152126045 0.35910374820315394
0.12118862852696956 0.29650366337931544
0.39838786643312574 0.37134262757616526
0.04553363052158821 0.3125
0.0 0.125
0.2101064310969517 0.2695641290249454
0.12908516093114525 0.1623545461112914
0.3225275805033182 0.2866361578144809
0.28680553017533794 0.14318100239105327
0.5038029264152828 0.2006142152994981
0.07846461556004394 0.22668179509213213
0.0598360008708609 0.15994168121117563
0.125 0.0
0.0972208784370992 0.08192764595831431
0.0625 0.0
0.0 0.0625
0.03125 0.03125
0.07448986748361325 0.04323986748361325
0.045836153005969486 0.08609705634678722
0.1875 0.06686515177071335
0.20692314156990577 0.144359188334713
0.375 0.0
0.38951230674242077 0.19378097271361072
0.3730908473436518 0.09757687847568827
0.3569248978245137 0.4792173085244496
0.75 0.5
0.47652652016463637 0.10078812561271083
0.75 0.0
0.625 0.0
0.598719590889228 0.12103971944251551
0.6761566780855413 0.3098025467072299
0.5420871816488495 0.36230527972928606
0.625 0.5
0.125 1.0
0.0 0.875
0.1214275131558205 0.6982174605325385
0.7585455389015542 0.16573865707239388
1.0 0.25
0.875 0.07664459338171421
0.8436348931805022 0.309991178373379
0.875 0.5
0.21875 0.71875
0.8167727694507771 0.12119162522705404
0.6091219298671954 0.33605391321825795
0.37290689335670124 0.5347475431511136
0.0625 0.9375
0.7598957856330217 0.30989686254030446
0.3776563821288197 0.42527996805030743
0.9375 0.038322296690857106
0.44919393321656287 0.43567131378808266
0.4702375240409876 0.3668239536527257
0.4375 0.9375
0.9218174465902511 0.4049955891866895
0.875 0.0
0.2920910857922491 0.4233447590163482
0.4190814523736948 0.49139319427184686
0.313045021656457 0.5820411977369392
0.3359147643531214 0.3782831891785335
0.5 0.625
0.3139474017930343 0.521651519992194
0.2604893895221591 0.5510542979487777
0.4293291551168294 0.5485737990500336
0.18990015915749786 0.5413007514259905
0.4453913741095882 0.6046087139604287
0.5 0.5625
0.4455505680103816 0.6875
0.6061339195616651 0.22970911118561152
0.7417923360543158 0.0835128237290603
0.9102123931494515 0.1829983536587785
1.0 0.125
0.6775852532852936 0.41216521929016703
0.4287618640370136 0.28082170592843436
0.17857890502703835 0.6128567476146095
0.1349025394175632 0.4958478775743378
0.5502727615077941 0.284493042013088
0.8067285175963413 0.04773503239243964
0.8313907957957962 0.20062657870010475
0.6004725317358608 0.41268175769170173
0.18722319037941892 0.44730358258129005
0.801655596942396 0.4073797926543817
0.34373273391008574 0.6527734612552992
0.09375 0.84375
0.5 0.875
0.375 1.0
0.16796875 0.91015625
0.5 0.9375
0.4375 1.0
0.269287109375 0.879638671875
1.0 0.375
0.9326695187540577 0.3163932021467799
0.12010152122710134 0.3613969357247959
0.34894970028837624 0.6909700639609829
0.7180262318592815 0.30984970462376715
0.90625 0.05748344503628566
0.4375 0.8125
0.23715276508766897 0.10502307708088332
0.4595407261868474 0.4956965971359234
0.46875 0.96875
0.40625 0.90625
0.03125 0.96875
0.7396204251138447 0.4097725059722743
0.12228357794724648 0.6322190875275968
0.4341376927951288 0.4635322540299648
0.5376230555269321 0.11091392252761317
0.47459696660828143 0.46783565689404133
0.6823397292316096 0.1977238841290027
0.670255963471772 0.1022762715857879
0.10758875657791026 0.7709837302662692
0.9609087232951256 0.4524977945933447
0.36458333333333337 0.8020833333333333
0.4956405574327062 0.39898829675868436
0.5210435908244248 0.43115263986464303
1.0 0.0625
0.8730018189160551 0.03832229669085711
0.412904641297666 0.4340590523184531
0.9097802678695502 0.09830442871536754
0.9375 0.0
0.40210815439292236 0.46422199215283017
0.4327570827488844 0.39642558109909054
0.9052509094580276 0.020790569446595956
0.3865267101713082 0.49284244209855604
0.40412220675240684 0.5217271330296852
0.2845938330125731 0.6803053405681923
0.39777176672597836 0.7037564241214305
0.7390381077335794 0.24142029759286657
0.697034152639301 0.36070248521859505
0.8125 0.0
0.9340222715876202 0.14052880604864415
0.8675936052790845 0.12729152237825883
0.31182391086161154 0.7154953496427788
0.3812869018234489 0.6670988129383146
0.6971408210920936 0.2659960001126707
0.7389178040550838 0.3482329327940782
0.7934940779339245 0.35319001550943085
0.0 0.9375
0.0625 1.0
0.34375 0.9375
0.421875 0.859375
0.390625 0.953125
0.4394163572398396 0.7478119938265064
1.0 0.1875
0.3170653241695579 0.7716692394043488
0.2654998420575246 0.7232106378109903
0.6438450667967213 0.2673955206437369
0.0 0.96875
0.44921875 0.89453125
0.23679429490837867 0.7768480983027929
0.5591738784324246 0.17026516071041609
0.5785607037071926 0.053289887957384194
1.0 0.4375
0.9663347593770288 0.40819660107338995
0.9472008950639086 0.36313879120407627
0.8880525944144096 0.3558942727609584
1.0 0.3125
0.9375 0.5
0.938640270419733 0.07524542315593702
0.3109658823878145 0.8335261695195932
0.8618140952005209 0.4100973267645427
0.06284780085756464 0.39289354990004144
0.1768948477003892 0.32989260892315114
0.3034172208130144 0.07018100245098713
0.05902867941503216 0.6644033468491951
0.9534265788263108 0.21875
0.8888877964807451 0.25276711580276306
0.059293520994063806 0.4628000791779925
0.06529943557098578 0.5984752077973429
0.06530900311405267 0.5305042884138002
0.5756045557580225 0.349179596473772
0.02951433970751608 0.7072016734245976
0.11450813486686537 0.7346005953994039
0.32838887778327136 0.6174073294961192
0.43736026461320876 0.5765912565052311
0.706024149763044 0.09289454765742411
0.26631700580013495 0.2781001434197131
0.6442368243966373 0.2137164976573071
0.4670688463975644 0.48176612701498234
0.9804543616475627 0.47624889729667236
0.5549684229884739 0.2151616632425548
0.3065185546875 0.9085693359375
0.06915030821545243 0.19331173815165387
0.6344877771805 0.1116579955141517
0.5070747878457842 0.105851024070162
0.4454709710599849 0.6460543569802144
0.15625 0.033432575885356676
0.3756447222701659 0.28372893187145765
0.115234375 0.923828125
0.11315301968412222 0.12214109603480286
0.2186279296875 0.8948974609375
0.838327798471198 0.4536898963271908
0.8984087232951256 0.4524977945933447
0.6390288925105772 0.41242348849093435
0.10066937828895513 0.8073668651331346
0.4872984833041407 0.4839178284470207
0.33815891845887935 0.16848098755233198
0.4466576165788518 0.1971975940065544
0.96875 0.019161148345428553
0.48951731277240385 0.2826573739707612
0.078125 0.890625
0.16959579601404848 0.21595933756811841
0.42480868375414405 0.09918250204419955
0.4797703630934237 0.4978482985679617
0.5730217954122123 0.4655763199323215
0.4797703630934237 0.5290982985679618
0.4978202787163531 0.4494941483793422
0.5105217954122123 0.4655763199323215
0.5625 0.5
0.0 0.6875
0.4466747017097566 0.4797443519627882
0.4581419544674861 0.46794261569522083
0.4662422624421017 0.4483204221046941
0.43869411148288057 0.4993455317190809
0.4742744775563092 0.4196813612393928
0.4534403281858451 0.5222181434203784
0.5001147700017656 0.05315427069217085
0.4836530104064902 0.152480426025008
0.46069171266276365 0.5547436018430545
0.41711173542082675 0.5975552028955206
0.96875 0.5
1.0 0.46875
0.9831673796885144 0.454098300536695
0.9736004475319543 0.4315693956020381
0.9440262972072049 0.4279471363804792
1.0 0.40625
0.5276621281916335 0.07632390923081041
0.5170953289900565 0.14008134249863502
0.4658134517702494 0.5835950204882027
0.3938116001548395 0.6295515679096803
0.9296587232951256 0.4559070820296439
0.47381639587045893 0.6118030568989953
0.5 0.59375
0.5 0.6875
0.5 0.65625
0.09421027043699158 0.16833201748704005
0.0 0.1875
0.03410248283217156 0.22107928825779732
0.07259472229720032 0.7831780667329229
0.16267860785315783 0.7626112348894403
0.07603040568497749 0.7084333309040187
0.14265011138591852 0.8342003341577555
0.7343090416550289 0.12785713424684073
0.7157346215140578 0.057041437160934516
0.6290170937105598 0.16367546324721596
0.6074786784092077 0.08155941967142713
0.5796973456874948 0.310273477615673
0.6047972308015281 0.37436783545497987
0.5625 0.0
0.90625 0.5
0.4727752840051908 0.671875
0.11865523000559319 0.20622784305208894
0.03504234337870931 0.18484707044443294
0.0 0.8125
0.1533974340272743 0.7231470640155708
0.07824305923527905 0.7465532040446424
0.1377734659635515 0.7955738205753728
0.6965138929309038 0.12951098529626526
0.6790745110098622 0.0630226654395491
0.5474121100909988 0.32654551498318063
0.5702588091154172 0.3848862004510715
0.4727752840051908 0.7034054251519366
0.02530901992234805 0.15036350496617884
0.6605003843912393 0.13795740863926723
0.6441982489315138 0.07580488501766208
0.5045190259089366 0.33843472113124806
0.5364370538703482 0.3982180129736565
0.05141172006942264 0.1232894057587593
0.6875 0.0
0.5649472790415748 0.42097873517190443
0.16171726226363192 0.12616325710891058
0.28846911573610273 0.6137152233408647
0.6580598004491196 0.37537967061486394
0.658531224571719 0.44575739469053727
0.5898624134140027 0.26898940412593214
0.5386940806747158 0.03524663080784721
0.06570095966807035 0.8195660732097003
0.03960903073578046 0.7593429892868986
0.057317362921692545 0.8576474543072309
0.16998270633402934 0.6689139379502966
0.717027195651503 0.1656079977706414
0.6487718991777027 0.03431306358019335
0.7566620945926974 0.04281449017356371
0.14042317527001236 0.08807415291249854
0.6199895858149093 0.4482134769950519
0.616866927951524 0.2975319941003348
0.036909549819565395 0.893577250902173
0.1875 0.0
0.4375 0.0
0.2577172622591222 0.9329504122627857
0.05104178211034313 0.26538624154527873
0.11637754137468367 0.2514652189088547
0.46063238746540264 0.32033226166353057
0.6875 0.5
0.7102191967859091 0.4528756885995262
0.2996435192363466 0.955839230090092
0.16152258734096422 0.26941893109457293
0.2848587240310371 0.21190060635281843
0.286789058341764 0.3326338244631185
0.3462384124689507 0.23315227448359307
0.23070144653320312 0.8432579040527344
0.8125 0.5
0.4004733143657105 0.04930551744846226
0.20652364172168403 0.9464348577034909
0.484375 0.984375
0.453125 0.953125
0.12695847667239815 0.4610690428223071
0.25132688127115455 0.5219575790713926
0.12894224319295927 0.8790142295788778
0.5417717954122123 0.4655763199323215
0.015625 0.984375
0.046875 0.953125
0.39894976554889794 0.09837969025994392
0.11955796757716723 0.39384357189753616
0.06530421934251923 0.5644897481055715
0.3134962117247456 0.5518463588645666
0.4752302714970673 0.19890590465302627
0.5940954860714922 0.166970311978816
0.17428080568053383 0.640885342782453
0.775827798471198 0.4536898963271908
0.31400292507268524 0.40081397409744085
0.9430480487901842 0.26757160107338995
0.24589093280047145 0.17812989734376572
0.35194526758936245 0.059743259949724695
0.12271161034295947 0.599219901025126
0.4591395884047087 0.2817395399495978
0.06107066092581422 0.42784681453901696
0.42951012694926416 0.3458374446198479
0.015625 0.015625
0.8458863847253886 0.09891810930438413
0.4140625 0.9765625
0.0888671875 0.9306640625
0.36729063997666667 0.4522486382873785
0.474609375 0.916015625
0.2767086104065072 0.035090501225493564
0.2552446947610796 0.5880271489743889
0.38089789112279504 0.5625126604644457
0.9693201352098665 0.10012271157796851
0.45029404218373803 0.051229894070316556
0.9693201352098665 0.06887271157796851
0.359375 0.765625
0.06216405749300897 0.631439277323269
0.18205901903990407 0.3885980957522206
0.234375 0.671875
0.165761820860842 0.9732174288517454
0.8398651682561982 0.04302866454164837
0.054190715689576424 0.3526967749500207
0.12902109107811782 0.5310342960484964
0.2110620959503397 0.40320366539222197
0.09375 0.96875
0.1885616747684584 0.49430216700364027
0.48988518154671185 0.4989241492839809
0.18423953209226812 0.5770787495203
0.41808496166063625 0.19548928336008256
0.06230126205405824 0.4966521837958963
0.21232638254383449 0.08594411442579833
0.49364924165207036 0.49195891422351035
0.3030192437926417 0.4724981395042711
0.46875 0.84375
0.7852144517646877 0.22102343814648567
0.26712772940619955 0.4581028096051779
0.7706380110281204 0.408576149313328
0.43845817861991976 0.7801559969132532
0.4989101393581765 0.4747470741896711
0.48988518154671185 0.5145491492839809
0.5365108977061062 0.48278815996616076
0.4797703630934237 0.5134732985679618
0.5052608977061062 0.48278815996616076
0.53125 0.5
0.1875 1.0
0.5 0.53125
0.4855011523939843 0.49205531100625904
0.47565259691872525 0.48804362089863684
0.5572405834247867 0.4797143755908372
0.0 0.03125
0.03125 0.0
0.41264099905992724 0.07424400974633091
0.4104560608268364 0.14462182452317623
0.03404018963926177 0.9246651896392618
0.03125 1.0
0.0546875 0.9765625
0.4306640625 0.9599609375
0.45891927083333334 0.9317057291666667
0.5 0.96875
0.46875 1.0
0.3867184661036942 0.07549025687560747
0.3851388986634598 0.1263688140140827
0.024304720821132216 0.9461797208211322
0.068359375 0.958984375
0.44736328125 0.97451171875
0.4130701864919355 0.9423355594758065
0.44316730605484295 0.9159632425604117
0.47446935431618814 0.9474056456838118
0.5 0.984375
0.484375 1.0
0.3921701563412594 0.9275983854470865
0.42762939544005785 0.9000056999468786
0.369283957022459 0.9390231289326232
0.3781894717252769 0.903060528274723
0.41067652624789164 0.8816838420826305
0.43364731099494713 0.8784305636705967
0.36396051357959586 0.970278504526532
0.39619075124410436 0.8604472537323131
0.4471084203805028 0.8569502611415084
0.3659332095612782 0.8390928748245793
0.40772642935644626 0.8286171431188154
0.47136770696853325 0.8723822930314667
0.4010290980284812 0.24095750009454495
0.2776140859813092 0.4976887934234986
0.34064678252467595 0.42653130619240964
0.21603226608882392 0.517080805809999
0.14589483233099027 0.6508762883634628
0.286767205589308 0.5665477478428584
0.3455754677548061 0.5674264974839657
0.21201131345916416 0.6323273529768768
0.40910902200285915 0.5694257884139057
0.4585173005106158 0.23863900918180353
0.46246487440412615 0.1726131567665087
0.7539590219795989 0.3788349990407361
0.0 0.90625
0.37972053409877227 0.1605682771853435
0.34330302879952657 0.12695839441172377
0.34137162798163145 0.8930338632700282
0.2816273662532147 0.5284069956043316
0.337624848386283 0.45632265992170995
0.23021451574430044 0.5445968164903464
0.1520829122809182 0.623137515940849
0.11545076692879239 0.6651351976567244
0.34045772359911486 0.5371484441316804
0.19820210092853854 0.6588974480266658
0.4878522954302514 0.2275966659375948
0.43070698559382037 0.22418004464465105
0.4338512954459742 0.17158932846133476
0.15475919637062124 0.5907513070411693
0.3408999241487938 0.5059681412180791
0.19462493623245042 0.6935789314001374
0.4493912090860407 0.13763833963751745
0.0 0.4375
0.030296767297655836 0.482436095339316
0.09057445144452983 0.4468686952922402
0.091474661042333 0.3771452428124187
0.15311880215332602 0.43679689532578325
0.14970905708671986 0.37812079905661966
0.09848689681258611 0.4858691191564934
0.2270063052749947 0.041149885515590456
0.27294934492184914 0.382808522145595
0.18199199384399117 0.09972448077722251
0.02934909075641464 0.6449492266945157
0.0 0.5625
0.09240728555894061 0.6176847169811608
0.09475628853027662 0.547501163577396
0.09421953915482914 0.582347961159999
0.39784349352484427 0.7787306914012126
0.8117506435235592 0.08446332880974683
0.4691313249372875 0.764878482666197
0.3125 1.0
0.523043554653666 0.23019410065849194
0.15649343249187148 0.5558720499666772
0.026726803773525667 0.4085788487412149
0.034465375384150995 0.5161850575541045
0.09118542868928309 0.4095961394351002
0.08945222925363162 0.3395761873680047
0.1610498652596093 0.47157869941096375
0.24332440570818314 0.07130019781837052
0.30358515074165476 0.3687620467341718
0.03506741310382294 0.6122308339601836
0.3886013135498181 0.7428486218738355
0.7764452679521224 0.10799839249686526
0.5 0.8125
0.46606875576165663 0.7971601439941628
0.27380969651094256 0.09430550290690427
0.33143470806859876 0.3338463425823998
0.3125 0.0
0.3882393576975733 0.3272182916213735
0.30972254769344554 0.10815002192524796
0.8284024279325983 0.25632885051903465
0.16507505569295927 0.8233501670788778
0.3895293342747136 0.6854276185298726
0.20725315263749736 0.020574942757795228
0.48604737813633114 0.4345877548093675
0.326168755184723 0.8632800163948107
0.5827099053887178 0.4168302464318031
0.44551076953518326 0.6667771784901072
0.06016301024479137 0.06466846191520023
0.061509161294881445 0.8386067637584655
0.042572132471257344 0.24323276490153803
0.6775469765442104 0.36804107791672946
0.8886869365743173 0.11279797554681319
0.4424834626251106 0.7176559969132532
0.3913502445218642 0.609914672843729
0.6704929439444074 0.2666957603782038
0.9335793616475627 0.47795354101482196
0.9179543616475627 0.47795354101482196
0.7180894644128365 0.25370814885276866
0.6314285156253239 0.3748737530349219
0.3155485682499939 0.22252644041820574
0.807077798471198 0.4536898963271908
0.11882202685355578 0.08500089943540642
0.856663899235599 0.4768449481635954
0.7106889184825944 0.21957209086093465
0.022918076502984743 0.07429852817339361
0.8995500948150983 0.2178827347307708
0.48620862266231724 0.4586649026366918
0.47520440609275183 0.052192082381243704
0.5725508669680699 0.09623667109952015
0.12064507487703545 0.3289502995520557
0.6426393039763683 0.32292822996274395
0.5259655679999677 0.33249011805721435
0.33698217276903875 0.5924169134900424
0.38754925098914417 0.6483251904239975
0.18614273129126302 0.9598261432776182
0.5188638695407779 0.38064678824398523
0.052869933741806624 0.037244933741806624
0.10518694906061071 0.10203437099655858
0.7845810472963487 0.021407245086781854
0.2865314743743379 0.6470102819545285
0.32768124420118844 0.0649621312003559
0.9107786576174014 0.2845801589747715
0.953125 0.02874172251814283
0.19329833984375 0.90252685546875
0.5261467954122123 0.4655763199323215
0.684375210678814 0.44931654164503176
0.1416015625 0.9169921875
0.4873782749749621 0.3526293373919869
0.49765903419036694 0.4254170005520179
0.26537482841575427 0.19501525184829208
0.45649052718634625 0.5089573702781509
0.9567678272204687 0.3856676961387331
0.8801114092478233 0.4312975606789437
0.9221173323685359 0.16176357985371131
0.015625 0.046875
0.046875 0.015625
0.01980451536789023 0.7859214946434493
0.31401560327868616 0.802597704461971
0.5805511712750695 0.22243538721408318
0.1898511135555001 0.24276173329653192
0.04862393653769606 0.10469323105277326
0.4570660204243044 0.5384808726317165
0.7086028391995691 0.4109688626312207
0.451497303394936 0.3816247673759081
0.801765339406762 0.3099440204568417
0.022918076502984743 0.10554852817339361
0.22640703718518862 0.16124454283923936
0.7430234976285535 0.4532827924633585
0.1267354392185496 0.05768011092183549
0.9049350205023303 0.3804449309738239
0.14934047847259685 0.1891569418397049
0.984375 0.009580574172714277
0.865843743797456 0.3329427255671687
0.7876591541761657 0.14346514114972397
0.9399352069089831 0.33976599667542806
0.7621262797491335 0.23122186786967613
0.4968246208260352 0.4959794571117552
0.4949425907733559 0.49946207464199044
0.9492043616475627 0.47624889729667236
0.428781267469126 0.5219726382250318
0.6136663014424477 0.043801475768788775
0.03854307650298475 0.05867352817339361
0.171875 0.05014886382803502
0.8494922005374403 0.1639590505391818
0.5990108977061062 0.48278815996616076
0.9516712033987433 0.12032575881330633
0.48988518154671185 0.5457991492839809
0.5429954349329997 0.42606568751827373
0.49945506967908826 0.48737353709483555
0.519895037140099 0.2835752079919246
0.8276540865672226 0.3816436711369868
0.08585537296035622 0.06258375672096378
0.11536993374180662 0.03833622168448496
0.09974493374180662 0.021619933741806624
0.48988518154671185 0.5067366492839809
0.984375 0.040830574172714275
0.4949425907733559 0.5072745746419904
0.5182554488530531 0.4913940799830804
0.5026304488530531 0.4913940799830804
0.96875 0.0
0.515625 0.5
1.0 0.03125
0.59375 0.5
0.5 0.515625
0.49275057619699214 0.4960276555031295
0.4886760301380901 0.4948624187124868
0.48484615541101467 0.4982133917432441
0.4895593124590096 0.4906644449266943
0.4933916242233323 0.4856644823973331
0.4817594495799005 0.5056607985679618
0.49222792933472 0.4782228101668082
0.49793904715471443 0.4811415542880138
0.4824198236063667 0.47471409585251223
0.49108728236009125 0.46786863523120026
0.4690297742554984 0.5065792479100848
0.4675518253766177 0.5206954964830056
0.4429128848547302 0.5128154709724585
0.9365009094580276 0.01916114834542855
0.9559766622222711 0.05092423805752365
0.44099697641188 0.5335278543773634
0.5790934937055371 0.44144727295390174
0.5701871173632459 0.4033127509661936
0.5183342954122123 0.4491443917863716
0.5782812119874257 0.48586194434148433
0.9526254547290138 0.010395284723297982
0.5954494727858232 0.4312759283333239
0.5896058710430656 0.39417488833789727
0.5339592954122123 0.451788719131032
0.5568287012033069 0.4479373828865782
0.07214901334864612 0.0916594996049928
0.08228283272760757 0.12274013705031003
0.1269609028656114 0.10524595299390446
0.025659370452172314 0.8406962068935311
0.07594064851443316 0.8517656047729536
0.3634339281883329 0.6034410945715438
0.3657354764007893 0.6514800150484067
0.36863927956076314 0.6838041336534691
0.4086708046443222 0.6658020254542136
0.4108101412666753 0.6174482076884575
0.6584158986584473 0.3467824793555469
0.6747307713453753 0.3901056082028491
0.4793669144431396 0.5635829347172471
0.90625 0.0
0.6165209684204217 0.4269926619091506
0.5980698055157215 0.45372578795014334
0.06664238594860143 0.1114991032723943
0.14871330627319537 0.10843636003920915
0.042700269135624414 0.824484239265269
0.09494096729959867 0.8701886557665329
0.07192734566705598 0.8714822898621641
0.3738193506731998 0.6220847599789125
0.37775342141688084 0.7017409330201402
0.40825641733986656 0.6448012326092089
0.42735122511180995 0.6564506051832703
0.41069740835554525 0.6869260785736312
0.6804454880713386 0.34619510696196476
0.6936695855116759 0.38131087453740214
0.6373390912121428 0.43448375243937964
0.13688925707481162 0.13074326966982389
0.057140726206366205 0.8868442469402708
0.3535700621914523 0.6323252671295567
0.3858660863186296 0.721585252472117
0.4272076982207428 0.6352117648388336
0.4209204281651464 0.7081559137432809
0.7054011124442704 0.3343972086260784
0.7236315885458319 0.3756236838095744
0.06347986669939916 0.9117849555664664
0.041013710851751206 0.872147750009726
0.4089676004638576 0.7294211828668036
0.0 0.09375
0.06887272226767063 0.02151517776947031
0.1495462746476329 0.05535928375727644
0.0 0.28125
0.06604975734538988 0.24695265458252458
0.19609314133566183 0.04317237449150567
0.23343576382783143 0.13345029850559587
0.20945265064753985 0.20049193855654224
0.2721783985352129 0.16748081409399193
0.24623878965702242 0.23678004121184848
0.3327518527647619 0.029522215096836543
0.3453808866900194 0.0882382017185469
0.16549909433111482 0.7956277291315756
0.17168592405563537 0.8656122334532823
0.16007513235041726 0.9423575157732403
0.21875 1.0
0.46875 0.0
0.46177730062681577 0.0768733894797482
0.530474033671917 0.3070964566124262
0.4654349557531951 0.34357810765812813
0.42814640890201233 0.37132324344849565
0.5205677004986249 0.35467505496104085
0.4920466003287748 0.3757130779338038
0.9124780815859668 0.12482669034024933
0.7395764931067749 0.2114053342974605
0.7457136840925336 0.27680180829729967
0.6963000243494589 0.24056177103234752
0.7888948440643035 0.2605892702765085
0.962450133175245 0.17042098047618506
0.9665788402465263 0.3186678261181224
0.9206561211655163 0.3585748172726731
0.9745554226566948 0.3648184096620674
0.8874304841172528 0.15627149300491852
0.45502606660308476 0.40535723141899793
0.65625 0.5
0.9323337174415863 0.3827479180202763
0.8914961932797274 0.4780371483901845
0.048966902975782794 0.7975487608724409
0.15357913952295835 0.15163258130245486
0.4118722340304152 0.7559860014361622
0.09375 0.0
0.1652107162557648 0.07203870495482725
0.0912801038102284 0.24846778271991443
0.17865262695013193 0.0281530788698007
0.19931194543933034 0.17282554024530578
0.238279736669896 0.20659624925435846
0.2508838081389525 0.1526848079708838
0.28985159936951815 0.1864555169799365
0.3105721142403446 0.04443152212430257
0.18767613541465838 0.8414628676670513
0.1841591268468579 0.9346021509811836
0.4885492735033844 0.029639859435513408
0.4868164198081643 0.0745021963177999
0.5100025886130473 0.31655894965869935
0.4832365895299261 0.3277812822376167
0.7646236258135003 0.2056417854958519
0.7194916701829295 0.28009948241169563
0.9382733450540455 0.18477573678605277
0.9159052994134009 0.3344202490878316
0.4735015576453845 0.3904917255584812
0.694130841102837 0.4740879816716838
0.1007299926868952 0.27591290473271984
0.15625 0.0
0.26264181544518184 0.12448785624747764
0.47850335498375396 0.3041234150871229
0.7965937946355742 0.18431745101197133
0.9077961002276711 0.3100706631007155
0.07595137139542998 0.2703404739909604
0.8757360999458623 0.2933996897357104
0.08111240758521177 0.3052682598245402
0.05905371727165493 0.2902017938714354
0.0 0.3125
0.031929434657509075 0.28900343366784464
0.21875 0.0
0.3394864623337977 0.8207238670145174
0.27751856928246327 0.7833842989440313
0.212575785704592 0.9206661593204954
0.5055271490819714 0.25594435670011256
0.5588182903196287 0.25024710905873737
0.5747066779937204 0.19436533183744306
0.656475783647762 0.24064676047271855
0.6577794338990464 0.29029163665514957
0.8749333448074652 0.38299579976275056
0.84375 0.5
0.10619817394055871 0.8965882541252579
0.19784029128876005 0.7762362116066908
0.19869533164740466 0.8745830518506335
1.0 0.34375
0.1799837371484354 0.14603471381168837
0.6960908653527699 0.29242222084310426
0.71875 0.5
0.023986975463232516 0.2630339690920382
0.28404539638467796 0.8152570655834662
0.23883900048174367 0.9132393824052613
0.2318843048606159 0.9387961037459813
0.5996719651081653 0.20381075682563204
0.17176335544572394 0.17233286702068418
0.2653914854149182 0.9067045625886564
0.25166860108131595 0.9662231384184055
0.2850902453816991 0.9267093195112737
0.14904173811367938 0.3131981361512333
0.3401615303316199 0.20107113377923555
0.2892573175851373 0.24882902914880778
0.0 0.78125
0.014138843803180262 0.765625
0.022318436464312013 0.7440138801564963
0.0 0.71875
0.04991746994625977 0.7302994124769675
0.8743265004631374 0.19110158558580995
0.8307115309508306 0.3447172165204142
0.13038319223960673 0.9637828886740682
0.20993631451524308 0.9738338252001653
0.46358429172301574 0.030091688563723375
0.4361040996937768 0.02756113425477067
0.40625 0.0
0.9772378744051996 0.28279283362110536
0.6683697903825462 0.46992661710387934
0.6405463937026784 0.4671655839112136
0.2811598828759831 0.8484779499126396
0.25316650797707535 0.804975711579933
0.28125 1.0
0.14851044954027856 0.3456668827629669
0.8640062491733814 0.2260905122315463
0.21995947786722558 0.8054758100945462
1474
0 348 394
348 0 395
383 606 609
550 38 394
394 348 39
609 522 226
395 551 39
551 395 37
550 39 577
550 394 39
532 577 39
38 550 520
577 503 41
39 348 395
252 637 87
520 550 577
665 38 520
561 520 41
223 610 119
282 256 27
27 561 282
665 520 561
287 561 556
556 41 625
272 282 34
282 561 287
34 282 287
282 272 256
287 641 626
556 561 41
520 577 41
256 272 257
39 551 532
546 119 610
666 532 551
666 551 37
532 40 503
588 587 40
532 666 40
503 40 587
589 35 588
35 589 705
588 206 564
206 588 35
564 206 667
564 587 588
307 708 727
588 40 589
292 506 636
587 564 36
625 533 626
587 36 625
34 626 255
533 209 626
287 556 641
272 34 202
36 517 533
625 503 587
303 627 517
36 564 517
654 209 627
533 627 209
654 703 29
209 29 255
642 466 290
627 533 517
564 303 517
202 34 255
667 206 578
503 577 532
506 148 652
271 255 29
257 505 18
505 257 33
557 611 225
18 756 668
737 756 310
257 18 256
669 505 33
33 202 271
737 735 26
505 310 756
366 26 481
366 21 736
366 460 181
33 257 202
257 272 202
21 366 478
458 457 187
478 457 21
9 458 479
458 9 457
457 478 346
575 233 612
459 187 346
187 457 346
458 374 479
458 187 374
463 374 187
189 479 374
480 346 181
346 478 181
478 366 181
9 479 468
505 669 310
615 612 235
316 311 221
726 732 707
460 480 181
113 460 481
734 732 726
707 271 311
316 24 311
566 221 271
113 525 786
525 113 481
525 481 734
765 182 786
525 765 786
271 221 311
202 255 271
460 113 333
480 333 20
333 480 460
463 459 326
20 459 480
326 459 20
459 463 187
333 461 20
459 346 480
461 326 20
482 461 101
326 482 96
482 326 461
96 482 370
326 96 463
362 461 462
461 333 462
333 113 462
374 463 189
182 765 316
366 481 460
29 566 271
463 96 367
562 709 43
386 225 611
670 708 498
738 22 464
642 706 466
42 578 670
375 670 464
578 708 670
22 354 464
354 22 492
375 464 483
375 42 670
483 464 354
375 483 118
354 490 483
464 498 738
514 635 292
42 375 466
753 761 703
43 118 671
562 342 672
709 562 672
466 375 43
466 43 753
562 43 671
43 375 118
342 673 545
673 712 545
672 342 710
761 221 566
31 711 728
342 711 673
483 490 118
674 317 767
490 354 183
578 706 667
713 536 183
536 675 343
536 494 183
675 536 713
343 46 676
494 490 183
322 405 343
779 308 778
332 46 405
46 343 405
396 405 322
332 405 396
322 358 396
343 44 322
86 634 239
536 343 676
494 441 31
536 676 494
515 317 712
216 31 441
319 515 766
545 712 317
441 440 216
728 494 31
406 332 397
406 441 46
440 397 45
397 440 406
427 45 373
45 766 440
397 332 222
406 440 441
332 406 46
766 45 319
373 45 397
675 713 492
649 648 658
674 767 196
28 182 316
674 555 672
101 461 362
23 362 182
182 28 23
316 555 28
196 318 23
484 318 491
318 465 23
465 318 484
77 465 340
362 23 368
318 196 30
196 23 28
674 545 317
368 23 465
17 370 101
368 101 362
96 370 367
17 430 370
101 368 380
370 482 101
380 77 377
380 17 101
380 428 17
428 380 377
428 377 82
430 17 327
377 77 444
380 368 77
368 465 77
428 327 17
340 465 484
462 786 362
80 484 491
491 30 207
429 340 80
340 484 80
491 493 80
491 318 30
319 427 207
427 319 45
25 80 493
94 493 207
347 25 493
491 207 493
70 25 141
30 319 207
767 30 196
70 80 25
47 444 352
377 444 454
454 82 377
454 444 47
454 47 143
448 82 454
444 429 352
77 429 444
70 137 140
141 137 70
352 140 143
140 352 70
144 143 78
352 143 47
143 140 78
70 352 429
429 80 70
67 454 143
207 427 94
77 340 429
319 30 515
430 85 370
125 140 137
555 316 221
53 635 526
82 443 428
468 485 19
361 485 188
467 485 361
485 467 19
485 468 334
638 613 142
471 334 470
334 188 485
188 471 469
471 188 334
469 471 344
188 469 361
334 189 470
468 479 334
479 189 334
184 361 447
229 467 191
467 229 19
770 297 769
191 771 229
467 184 191
178 614 359
772 260 275
447 260 184
297 275 258
770 772 297
258 275 130
769 552 768
275 260 192
260 191 184
467 361 184
297 258 702
469 447 361
591 614 538
470 367 15
470 189 463
453 344 15
344 471 15
15 367 477
344 124 469
477 372 453
85 372 477
446 453 95
446 344 453
95 453 372
446 95 338
449 299 338
453 15 477
477 367 85
344 446 124
58 447 431
447 469 124
192 130 275
260 58 192
192 58 274
130 192 259
447 124 431
447 58 260
431 338 299
431 124 446
259 274 64
274 58 299
12 677 750
274 259 192
274 299 455
299 58 431
446 338 431
258 130 214
434 338 95
15 471 470
367 470 463
276 130 259
84 575 615
273 552 643
616 621 640
157 439 398
57 306 439
621 501 100
298 628 504
643 296 504
306 655 662
398 439 306
628 663 57
662 398 306
645 655 298
504 628 643
10 769 768
157 398 407
330 167 122
407 167 157
5 330 399
330 5 167
167 407 122
617 280 622
400 331 408
331 407 398
122 400 399
400 122 331
399 400 158
122 399 330
331 68 408
331 122 407
398 68 331
226 618 227
504 104 629
286 617 289
296 214 104
702 296 643
644 220 645
298 504 629
214 261 104
68 662 351
677 496 276
496 677 12
107 328 678
328 104 261
496 261 276
261 678 328
12 714 496
261 214 276
258 214 296
749 220 644
351 208 369
351 220 749
400 369 158
400 408 369
369 408 351
158 369 56
208 542 775
408 68 351
530 715 323
107 542 328
56 364 389
679 364 775
530 364 679
364 530 389
715 530 679
542 679 775
749 542 208
598 228 619
496 714 678
296 104 504
130 276 214
134 583 623
95 372 434
557 84 615
430 445 85
85 367 370
355 372 445
83 355 445
445 327 83
434 372 355
83 443 432
443 83 327
432 79 291
335 79 432
535 291 193
291 355 432
432 443 335
432 355 83
428 443 327
11 355 291
363 455 449
449 338 434
169 750 64
363 64 455
449 434 363
455 299 449
11 535 363
535 11 291
165 363 145
145 363 535
114 152 145
363 165 64
103 145 535
11 363 434
434 355 11
165 145 152
193 291 79
64 274 455
335 448 433
335 443 82
356 630 433
528 79 433
448 67 433
528 193 79
67 144 356
67 448 454
356 435 14
435 356 144
14 435 239
14 630 356
435 194 239
67 356 433
82 448 335
14 509 630
630 509 646
630 646 656
632 103 631
153 631 529
632 114 103
114 145 103
633 153 529
103 535 193
239 634 509
528 433 630
633 650 497
497 153 633
633 529 648
632 497 647
664 657 146
631 646 529
14 239 509
152 114 13
84 435 144
79 335 433
67 143 144
632 647 114
740 757 784
165 169 64
320 110 210
784 783 320
165 164 740
539 751 210
739 553 132
164 553 740
110 500 201
500 179 739
6 442 500
110 783 500
132 553 164
757 740 553
152 164 165
201 500 442
741 323 715
678 751 539
776 530 323
776 763 680
763 8 680
613 139 620
741 758 759
741 715 539
762 764 309
758 309 759
475 315 421
159 315 201
421 315 159
8 763 785
201 442 159
763 315 785
762 309 758
595 620 139
442 418 159
788 12 750
132 164 360
132 360 472
179 553 739
424 132 425
360 13 486
6 500 424
425 132 472
486 664 704
424 422 6
424 425 422
419 422 160
6 422 419
425 472 117
472 360 486
657 13 647
418 442 6
161 417 415
417 159 418
421 161 106
161 421 417
106 161 350
421 106 475
417 418 415
421 159 417
410 121 74
121 415 418
410 350 161
410 415 121
401 350 410
410 161 415
416 121 419
121 418 419
418 6 419
106 350 109
160 422 425
360 164 13
152 13 164
639 621 100
249 509 634
445 372 85
445 430 327
393 619 228
396 222 332
71 142 613
682 396 358
777 358 778
236 717 523
523 682 358
681 777 308
778 308 777
682 523 717
246 236 295
204 49 717
717 246 204
204 246 126
222 49 456
716 295 236
523 358 777
529 249 648
237 49 204
217 452 437
373 397 452
451 373 217
217 373 452
452 456 437
397 456 452
247 126 170
237 456 49
437 237 336
237 437 456
32 336 237
437 336 217
32 237 247
204 247 237
204 126 247
436 217 336
246 524 126
397 222 456
295 268 171
268 295 16
265 171 576
576 171 268
268 51 576
171 524 246
51 288 301
656 646 631
284 301 278
284 576 301
278 301 288
284 278 129
129 278 195
301 576 51
153 497 632
265 576 284
524 265 52
265 524 171
170 52 337
170 126 52
264 337 52
200 744 554
52 265 203
126 524 52
203 129 283
203 265 284
264 283 128
283 264 203
300 128 283
264 197 760
277 283 129
203 264 52
284 129 203
32 247 170
278 288 263
246 295 171
647 497 146
264 128 197
451 436 94
451 217 436
94 345 312
345 94 436
436 219 345
94 427 451
450 32 476
436 336 450
742 585 219
742 476 743
279 527 683
683 718 585
32 200 476
742 436 450
336 32 450
219 729 345
684 312 719
312 347 94
73 687 724
559 347 684
543 73 684
559 141 685
527 54 686
718 719 729
686 543 285
285 527 686
286 531 54
543 687 73
54 527 279
684 719 543
718 683 527
133 234 724
743 585 742
347 493 94
200 554 743
170 744 200
266 97 294
97 743 294
554 89 294
279 683 97
197 745 89
744 760 554
305 166 746
305 294 166
510 166 745
510 754 746
691 745 128
166 294 89
32 170 200
266 294 305
279 266 190
266 279 97
190 66 267
66 190 266
267 66 514
190 280 54
305 66 266
190 54 279
506 651 148
66 305 526
514 66 635
292 635 506
213 636 93
267 514 100
651 506 635
635 66 526
510 746 166
280 190 267
510 154 754
476 200 743
760 197 89
292 213 514
691 128 519
685 347 559
50 534 302
534 50 149
90 263 302
302 263 50
534 98 302
50 263 288
149 76 365
646 509 249
473 98 365
365 98 149
136 365 76
61 349 365
76 142 136
149 98 534
193 528 630
473 302 98
195 90 262
90 195 263
262 300 277
262 277 195
90 487 262
195 277 129
473 349 65
349 473 365
473 65 487
65 349 151
569 487 65
262 487 569
151 349 507
487 90 302
302 473 487
65 151 579
61 365 136
263 195 278
538 620 218
613 638 139
178 116 71
71 116 142
538 71 613
116 61 136
1 597 567
1 567 595
538 218 591
613 620 538
591 218 567
71 538 614
597 135 591
620 595 218
644 629 104
359 614 591
116 138 61
116 178 138
507 138 688
138 507 61
150 688 581
688 697 507
138 178 581
61 507 349
359 135 357
71 614 178
581 357 92
581 178 357
92 357 135
92 693 581
663 298 655
357 178 359
591 135 359
693 92 163
57 273 628
116 136 142
645 629 644
697 688 549
519 689 147
691 519 513
115 690 69
147 513 519
300 59 689
513 154 691
379 730 99
59 300 262
692 571 379
689 720 571
720 730 379
692 379 495
579 99 730
571 147 689
262 569 59
495 379 99
651 53 660
155 115 69
155 438 661
148 660 155
438 155 156
652 636 506
690 721 513
53 746 754
69 690 692
721 154 513
774 62 568
560 156 69
62 774 560
438 156 381
62 560 495
69 156 155
692 560 69
661 123 558
99 787 495
128 300 519
91 521 773
697 151 507
186 521 341
773 521 787
722 521 91
733 495 186
91 549 722
693 150 581
341 185 60
341 521 185
60 185 163
780 176 694
303 642 627
549 693 722
569 65 579
186 341 537
568 733 731
731 733 537
175 565 747
537 112 731
174 695 570
568 175 747
731 112 723
774 568 747
112 694 570
112 537 341
570 694 696
111 547 696
700 565 695
174 547 700
255 626 209
723 570 695
694 341 780
174 696 547
34 287 626
697 773 579
91 697 549
565 548 747
627 642 654
277 300 283
631 153 632
156 586 102
72 125 137
141 698 72
125 230 78
231 230 125
125 72 231
125 78 140
127 232 522
232 231 72
231 127 198
127 231 232
127 608 198
231 198 230
608 392 198
232 72 234
559 698 141
230 198 119
78 233 575
78 230 233
235 557 615
612 233 546
546 235 612
575 84 144
119 392 223
233 230 119
611 557 235
610 223 605
610 605 386
611 546 610
223 392 391
119 546 233
198 392 119
615 575 612
499 232 234
141 72 137
608 522 609
607 584 604
376 601 603
603 604 376
522 499 226
215 391 392
544 226 499
544 133 134
226 227 609
607 387 584
606 607 604
383 609 227
134 226 544
234 544 499
234 133 544
572 376 594
384 605 590
600 601 376
225 386 384
610 386 611
386 605 384
235 546 611
371 573 590
601 602 391
592 573 3
573 371 600
390 225 384
384 590 592
572 3 573
225 390 582
592 599 384
592 590 573
572 573 600
557 225 238
637 582 87
522 232 499
698 724 234
238 225 582
664 486 657
86 194 248
382 489 117
472 704 382
86 239 194
382 117 472
205 502 649
270 88 502
88 659 650
497 650 146
88 281 508
162 474 382
205 270 502
205 658 86
194 84 238
508 474 162
420 416 419
420 160 423
416 411 121
401 410 74
411 416 168
419 160 420
416 420 168
378 423 117
325 401 74
121 411 74
402 74 411
409 109 350
420 423 426
160 117 423
425 117 160
409 350 401
205 86 251
84 194 435
382 474 489
238 582 637
426 423 378
489 488 378
248 251 86
489 378 117
254 205 251
88 270 281
474 488 489
508 281 474
426 105 353
378 105 426
270 253 281
270 205 254
248 252 251
426 168 420
402 325 74
412 325 402
409 325 120
409 401 325
412 120 325
409 120 404
411 353 402
168 353 411
403 120 412
403 324 120
404 324 414
404 120 324
413 414 324
267 100 622
108 412 353
412 402 353
168 426 353
409 404 109
7 474 281
248 194 238
84 557 238
280 267 622
594 376 584
144 78 575
280 617 286
286 133 531
616 289 501
501 289 617
501 617 622
286 289 583
93 558 541
636 213 292
304 621 639
100 501 622
514 213 100
616 501 621
93 293 213
636 652 93
652 661 558
314 558 123
227 618 540
618 226 134
540 329 385
618 623 540
329 540 623
227 540 593
616 624 289
653 304 639
541 314 725
781 293 541
293 93 541
329 624 224
558 314 541
624 616 224
134 286 583
699 781 313
123 563 314
286 134 133
339 381 102
438 381 123
102 180 211
747 548 180
586 180 102
548 211 180
75 547 173
548 565 75
243 244 173
173 244 75
173 547 111
243 173 245
111 245 173
548 75 212
102 381 156
250 75 244
516 102 211
381 339 563
321 339 516
516 339 102
518 211 548
321 516 211
518 548 212
563 339 48
243 172 242
172 243 245
574 250 131
250 244 131
242 131 243
199 131 242
172 241 242
250 212 75
131 244 243
500 783 179
503 625 41
381 563 123
700 547 75
212 250 512
390 384 599
218 595 567
252 248 637
580 55 598
593 388 596
390 87 582
227 593 387
540 385 593
596 3 594
593 594 387
388 593 385
596 594 593
567 597 591
387 594 584
3 572 594
601 600 371
81 254 251
376 572 600
253 7 281
590 602 371
391 215 603
7 488 474
601 391 603
254 253 270
105 108 353
590 605 602
403 413 324
387 607 383
522 608 127
413 4 414
609 606 608
108 403 412
603 215 604
488 105 378
388 385 228
252 81 251
640 224 616
748 211 518
580 598 619
619 393 224
314 755 725
393 385 329
131 199 574
511 250 574
511 512 250
177 511 574
240 574 199
212 701 518
241 2 199
512 269 701
242 241 199
177 512 511
592 3 599
224 580 619
391 602 223
781 541 725
48 339 321
376 604 584
304 782 580
602 601 371
223 602 605
212 512 701
606 383 607
240 177 574
2 240 199
392 608 215
269 512 177
608 606 215
211 748 321
604 215 606
329 623 624
393 228 385
224 393 329
583 289 624
583 624 623
227 387 383
280 286 54
134 623 618
533 625 36
373 451 427
502 650 649
640 621 304
248 238 637
100 213 639
142 76 638
653 639 213
304 580 640
224 640 580
556 625 641
625 626 641
642 303 706
642 290 654
273 643 628
296 702 258
104 328 644
749 208 351
655 645 220
298 629 645
529 646 249
656 631 103
657 647 146
114 647 13
249 634 648
649 658 205
650 502 88
648 649 633
649 650 633
659 88 508
635 53 651
660 53 115
661 652 148
93 652 558
213 293 653
782 653 293
703 654 290
29 209 654
662 655 220
655 306 663
103 193 656
630 656 193
146 659 664
13 657 486
648 634 658
86 658 634
162 664 508
146 650 659
155 660 115
148 651 660
155 661 148
123 661 438
351 662 220
398 662 68
57 663 306
628 298 663
508 664 659
486 704 472
705 666 37
561 27 665
589 40 666
706 578 42
303 564 667
737 310 735
737 736 668
33 707 669
311 726 707
578 206 708
464 670 498
728 118 490
31 673 711
710 342 545
555 221 672
342 562 711
31 216 712
196 28 674
674 28 555
492 44 675
44 343 675
46 441 676
494 676 441
276 259 677
750 677 259
678 539 107
261 496 678
56 775 364
107 679 542
759 763 776
776 389 530
681 16 716
523 716 236
49 222 682
396 682 222
718 527 285
97 683 585
559 684 73
347 312 684
141 25 685
25 347 685
54 531 686
686 531 687
686 687 543
531 133 687
581 688 138
549 688 150
300 689 519
571 720 379
513 147 690
571 690 147
154 510 691
510 745 691
560 692 495
690 571 692
185 693 163
549 150 693
341 694 112
752 111 696
565 175 695
570 723 112
570 696 174
752 694 176
773 697 91
579 151 697
724 687 133
72 698 234
782 304 653
293 781 782
565 700 75
695 174 700
269 63 701
518 701 63
643 552 702
297 702 552
753 703 290
566 29 703
664 162 704
382 704 162
466 706 42
666 705 589
303 667 706
271 707 33
726 311 24
727 708 206
498 708 307
672 221 761
709 761 753
545 674 710
674 672 710
562 671 711
711 671 728
31 712 673
712 216 766
183 354 713
492 713 354
788 714 12
751 320 210
679 107 715
539 715 107
777 716 523
295 716 16
717 236 246
49 682 717
285 543 719
585 718 219
729 719 312
718 285 719
689 59 720
730 59 569
690 115 721
754 115 53
693 185 722
521 722 185
695 175 723
568 723 175
698 559 724
73 724 559
563 755 314
313 781 725
525 734 24
669 732 310
118 728 671
206 35 727
494 728 490
345 729 312
718 729 219
59 730 720
579 730 569
723 568 731
733 568 62
707 732 669
24 734 726
495 733 62
186 537 733
481 26 734
735 734 26
310 732 735
734 735 732
26 736 737
366 736 26
668 756 737
498 307 738
132 424 739
500 739 424
553 179 757
165 740 169
758 741 210
539 210 741
436 742 219
450 476 742
294 743 554
743 97 585
170 337 744
554 760 89
89 745 166
745 197 128
53 526 746
305 746 526
180 586 747
747 586 774
518 63 748
644 328 749
542 749 328
64 750 259
788 750 169
678 714 751
320 751 714
466 753 290
694 752 696
709 753 43
154 721 754
115 754 721
755 563 48
313 725 755
18 505 756
783 757 179
740 784 169
210 110 758
762 758 110
759 309 763
323 741 759
744 337 760
760 337 264
761 709 672
566 703 761
110 201 762
764 762 201
315 763 309
776 323 759
201 315 764
315 309 764
525 24 765
316 765 24
712 766 515
766 216 440
317 515 767
30 767 515
552 273 768
770 769 10
297 552 769
771 770 10
772 770 191
260 772 191
770 771 191
275 297 772
787 521 186
99 579 773
586 156 774
560 774 156
56 369 775
208 775 369
389 776 680
681 716 777
358 322 778
779 322 44
341 60 780
322 779 778
60 176 780
699 55 782
699 782 781
580 782 55
320 783 110
783 784 757
320 714 788
362 786 182
315 475 785
462 113 786
495 787 186
99 773 787
169 784 788
320 788 784
102
1 595
2 241
3 596
413 4
5 399
0 394
7 253
8 785
9 468
10 768
16 681
19 229
18 668
21 457
27 256
22 738
35 705
37 395
38 665
44 492
50 288
321 48
51 268
699 55
56 389
57 439
60 163
269 63
76 149
252 81
87 390
92 135
488 105
106 109
105 108
109 404
111 752
139 638
149 50
157 167
158 56
163 92
167 5
172 245
176 60
240 177
135 597
228 598
229 771
2 240
241 172
245 111
87 252
254 253
254 81
256 18
177 269
268 16
273 57
288 51
307 727
755 313
748 321
308 779
388 228
389 680
390 599
394 38
395 0
399 158
108 403
404 414
403 413
414 4
439 157
457 9
468 19
475 106
7 488
492 22
595 139
596 388
597 1
598 55
599 3
638 76
665 27
705 37
727 35
736 21
738 307
748 63
752 176
668 736
768 273
771 10
680 8
681 308
779 44
699 313
755 48
785 475
