82
0.0 0.0
1.0 0.0
1.0 0.5
0.5 0.5
0.5 1.0
0.0 1.0
0.375 0.875
0.5 0.75
0.25 1.0
0.0 0.5
0.0 0.75
0.25 0.625
0.1875 0.8125
0.3541666666666667 0.7291666666666666
0.38888888888888884 0.5902777777777777
0.12313964273867245 0.5662207145226551
0.5 0.0
0.24216437302014998 0.49286086019400754
0.0 0.25
0.0 0.625
0.11901441392723312 0.4262902080702764
0.0 0.375
0.25 0.0
0.23490100152126045 0.35910374820315394
0.12118862852696956 0.29650366337931544
0.39838786643312574 0.37134262757616526
0.04553363052158821 0.3125
0.0 0.125
0.2101064310969517 0.2695641290249454
0.12908516093114525 0.1623545461112914
0.3225275805033182 0.2866361578144809
0.28680553017533794 0.14318100239105327
0.5038029264152828 0.2006142152994981
0.07846461556004394 0.22668179509213213
0.0598360008708609 0.15994168121117563
0.125 0.0
0.0972208784370992 0.08192764595831431
0.0625 0.0
0.0 0.0625
0.03125 0.03125
0.07448986748361325 0.04323986748361325
0.045836153005969486 0.08609705634678722
0.1875 0.06686515177071335
0.20692314156990577 0.144359188334713
0.375 0.0
0.38951230674242077 0.19378097271361072
0.3730908473436518 0.09757687847568827
0.3569248978245137 0.4792173085244496
0.75 0.5
0.47652652016463637 0.10078812561271083
0.75 0.0
0.625 0.0
0.598719590889228 0.12103971944251551
0.6761566780855413 0.3098025467072299
0.5420871816488495 0.36230527972928606
0.625 0.5
0.125 1.0
0.0 0.875
0.1214275131558205 0.6982174605325385
0.7585455389015542 0.16573865707239388
1.0 0.25
0.875 0.07664459338171421
0.8436348931805022 0.309991178373379
0.875 0.5
0.7598957856330217 0.30989686254030446
0.4375 0.8125
0.28125 0.84375
0.7130783390427706 0.4049012733536149
0.7968174465902511 0.4049955891866895
0.9375 0.038322296690857106
0.8593174465902511 0.19331788587754659
0.3125 0.9375
0.4375 0.9375
0.9375 0.1633222966908571
0.9218174465902511 0.4049955891866895
0.9218174465902511 0.2799955891866895
0.875 0.0
1.0 0.125
1.0 0.375
0.2265625 0.9140625
0.375 1.0
0.5 0.875
129
0 39 38
39 0 37
37 40 39
40 37 35
39 40 41
65 81 72
27 38 41
27 34 18
34 27 41
36 34 41
18 34 33
38 39 41
41 40 36
72 4 80
36 35 42
35 36 40
42 22 31
22 42 35
31 22 46
36 42 29
43 42 31
33 29 28
33 34 29
31 28 43
28 31 30
24 33 28
43 28 29
29 42 43
18 33 26
31 45 30
29 34 36
23 28 30
21 26 20
26 21 18
20 24 23
24 20 26
26 33 24
21 20 9
15 19 9
12 57 10
56 5 57
10 19 58
9 20 15
58 15 11
15 58 19
17 14 11
47 17 23
17 11 15
17 15 20
20 23 17
58 11 12
12 79 56
56 57 12
79 71 8
71 79 66
11 13 12
71 72 80
66 12 13
71 66 6
12 10 58
24 28 23
23 30 25
49 46 44
45 31 46
49 44 16
52 16 51
45 49 32
49 45 46
32 52 53
52 32 49
59 53 52
45 32 25
49 16 52
54 32 53
52 51 50
25 30 45
59 50 61
50 76 61
1 77 69
1 69 76
73 77 60
69 73 61
70 61 73
64 53 59
64 59 70
73 75 70
75 73 60
60 78 75
64 70 62
59 61 70
62 70 75
59 52 50
53 64 67
14 13 11
14 47 3
25 3 47
3 25 54
23 25 47
14 3 7
13 6 66
6 13 65
7 81 65
7 65 13
72 81 4
65 72 6
13 14 7
6 72 71
61 76 69
14 17 47
54 67 55
54 53 67
68 62 74
68 67 64
74 62 75
68 74 63
25 32 54
67 68 48
56 79 8
69 77 73
75 78 74
63 48 68
2 63 74
12 66 79
55 67 48
74 78 2
55 3 54
68 64 62
80 8 71
46 22 44
33
1 76
2 78
3 55
81 4
5 56
0 38
3 7
8 80
9 19
10 57
16 44
19 10
18 21
21 9
27 18
22 35
35 37
37 0
38 27
44 22
50 51
48 63
51 16
55 48
56 8
57 5
60 77
2 63
76 50
77 1
78 60
80 4
81 7
