1234
0.0 0.0
1.0 0.0
1.0 0.5
0.5 0.5
0.5 1.0
0.0 1.0
0.375 0.875
0.5 0.75
0.25 1.0
0.0 0.5
0.0 0.75
0.25 0.625
0.1875 0.8125
0.3541666666666667 0.7291666666666666
0.38888888888888884 0.5902777777777777
0.12313964273867245 0.5662207145226551
0.5 0.0
0.24216437302014998 0.49286086019400754
0.0 0.25
0.0 0.625
0.11901441392723312 0.4262902080702764
0.0 0.375
0.25 0.0
0.23490100152126045 0.35910374820315394
0.12118862852696956 0.29650366337931544
0.39838786643312574 0.37134262757616526
0.04553363052158821 0.3125
0.0 0.125
0.2101064310969517 0.2695641290249454
0.12908516093114525 0.1623545461112914
0.3225275805033182 0.2866361578144809
0.28680553017533794 0.14318100239105327
0.5038029264152828 0.2006142152994981
0.07846461556004394 0.22668179509213213
0.0598360008708609 0.15994168121117563
0.125 0.0
0.0972208784370992 0.08192764595831431
0.0625 0.0
0.0 0.0625
0.03125 0.03125
0.07448986748361325 0.04323986748361325
0.045836153005969486 0.08609705634678722
0.1875 0.06686515177071335
0.20692314156990577 0.144359188334713
0.375 0.0
0.38951230674242077 0.19378097271361072
0.3730908473436518 0.09757687847568827
0.3569248978245137 0.4792173085244496
0.75 0.5
0.47652652016463637 0.10078812561271083
0.75 0.0
0.625 0.0
0.598719590889228 0.12103971944251551
0.6761566780855413 0.3098025467072299
0.5420871816488495 0.36230527972928606
0.625 0.5
0.125 1.0
0.0 0.875
0.1214275131558205 0.6982174605325385
0.7585455389015542 0.16573865707239388
1.0 0.25
0.875 0.07664459338171421
0.8436348931805022 0.309991178373379
0.875 0.5
0.21875 0.71875
0.8167727694507771 0.12119162522705404
0.6091219298671954 0.33605391321825795
0.37290689335670124 0.5347475431511136
0.0625 0.9375
0.7598957856330217 0.30989686254030446
0.3776563821288197 0.42527996805030743
0.9375 0.038322296690857106
0.44919393321656287 0.43567131378808266
0.4702375240409876 0.3668239536527257
0.4375 0.9375
0.9218174465902511 0.4049955891866895
0.875 0.0
0.2920910857922491 0.4233447590163482
0.4190814523736948 0.49139319427184686
0.313045021656457 0.5820411977369392
0.3359147643531214 0.3782831891785335
0.5 0.625
0.3139474017930343 0.521651519992194
0.2604893895221591 0.5510542979487777
0.4293291551168294 0.5485737990500336
0.18990015915749786 0.5413007514259905
0.4453913741095882 0.6046087139604287
0.5 0.5625
0.4455505680103816 0.6875
0.6061339195616651 0.22970911118561152
0.7417923360543158 0.0835128237290603
0.9102123931494515 0.1829983536587785
1.0 0.125
0.6775852532852936 0.41216521929016703
0.4287618640370136 0.28082170592843436
0.17857890502703835 0.6128567476146095
0.1349025394175632 0.4958478775743378
0.5502727615077941 0.284493042013088
0.8067285175963413 0.04773503239243964
0.8313907957957962 0.20062657870010475
0.6004725317358608 0.41268175769170173
0.18722319037941892 0.44730358258129005
0.801655596942396 0.4073797926543817
0.34373273391008574 0.6527734612552992
0.09375 0.84375
0.5 0.875
0.375 1.0
0.16796875 0.91015625
0.5 0.9375
0.4375 1.0
0.269287109375 0.879638671875
1.0 0.375
0.9326695187540577 0.3163932021467799
0.12010152122710134 0.3613969357247959
0.34894970028837624 0.6909700639609829
0.7180262318592815 0.30984970462376715
0.90625 0.05748344503628566
0.4375 0.8125
0.23715276508766897 0.10502307708088332
0.4595407261868474 0.4956965971359234
0.46875 0.96875
0.40625 0.90625
0.03125 0.96875
0.7396204251138447 0.4097725059722743
0.12228357794724648 0.6322190875275968
0.4341376927951288 0.4635322540299648
0.5376230555269321 0.11091392252761317
0.47459696660828143 0.46783565689404133
0.6823397292316096 0.1977238841290027
0.670255963471772 0.1022762715857879
0.10758875657791026 0.7709837302662692
0.9609087232951256 0.4524977945933447
0.36458333333333337 0.8020833333333333
0.4956405574327062 0.39898829675868436
0.5210435908244248 0.43115263986464303
1.0 0.0625
0.8730018189160551 0.03832229669085711
0.412904641297666 0.4340590523184531
0.9097802678695502 0.09830442871536754
0.9375 0.0
0.40210815439292236 0.46422199215283017
0.4327570827488844 0.39642558109909054
0.9052509094580276 0.020790569446595956
0.3865267101713082 0.49284244209855604
0.40412220675240684 0.5217271330296852
0.2845938330125731 0.6803053405681923
0.39777176672597836 0.7037564241214305
0.7390381077335794 0.24142029759286657
0.697034152639301 0.36070248521859505
0.8125 0.0
0.9340222715876202 0.14052880604864415
0.8675936052790845 0.12729152237825883
0.31182391086161154 0.7154953496427788
0.3812869018234489 0.6670988129383146
0.6971408210920936 0.2659960001126707
0.7389178040550838 0.3482329327940782
0.7934940779339245 0.35319001550943085
0.0 0.9375
0.0625 1.0
0.34375 0.9375
0.421875 0.859375
0.390625 0.953125
0.4394163572398396 0.7478119938265064
1.0 0.1875
0.3170653241695579 0.7716692394043488
0.2654998420575246 0.7232106378109903
0.6438450667967213 0.2673955206437369
0.0 0.96875
0.44921875 0.89453125
0.23679429490837867 0.7768480983027929
0.5591738784324246 0.17026516071041609
0.5785607037071926 0.053289887957384194
1.0 0.4375
0.9663347593770288 0.40819660107338995
0.9472008950639086 0.36313879120407627
0.8880525944144096 0.3558942727609584
1.0 0.3125
0.9375 0.5
0.938640270419733 0.07524542315593702
0.3109658823878145 0.8335261695195932
0.8618140952005209 0.4100973267645427
0.06284780085756464 0.39289354990004144
0.1768948477003892 0.32989260892315114
0.3034172208130144 0.07018100245098713
0.05902867941503216 0.6644033468491951
0.9534265788263108 0.21875
0.8888877964807451 0.25276711580276306
0.059293520994063806 0.4628000791779925
0.06529943557098578 0.5984752077973429
0.06530900311405267 0.5305042884138002
0.5756045557580225 0.349179596473772
0.02951433970751608 0.7072016734245976
0.11450813486686537 0.7346005953994039
0.32838887778327136 0.6174073294961192
0.43736026461320876 0.5765912565052311
0.706024149763044 0.09289454765742411
0.26631700580013495 0.2781001434197131
0.6442368243966373 0.2137164976573071
0.4670688463975644 0.48176612701498234
0.9804543616475627 0.47624889729667236
0.5549684229884739 0.2151616632425548
0.3065185546875 0.9085693359375
0.06915030821545243 0.19331173815165387
0.6344877771805 0.1116579955141517
0.5070747878457842 0.105851024070162
0.4454709710599849 0.6460543569802144
0.15625 0.033432575885356676
0.3756447222701659 0.28372893187145765
0.115234375 0.923828125
0.11315301968412222 0.12214109603480286
0.2186279296875 0.8948974609375
0.838327798471198 0.4536898963271908
0.8984087232951256 0.4524977945933447
0.6390288925105772 0.41242348849093435
0.10066937828895513 0.8073668651331346
0.4872984833041407 0.4839178284470207
0.33815891845887935 0.16848098755233198
0.4466576165788518 0.1971975940065544
0.96875 0.019161148345428553
0.48951731277240385 0.2826573739707612
0.078125 0.890625
0.16959579601404848 0.21595933756811841
0.42480868375414405 0.09918250204419955
0.4797703630934237 0.4978482985679617
0.5730217954122123 0.4655763199323215
0.4797703630934237 0.5290982985679618
0.4978202787163531 0.4494941483793422
0.5105217954122123 0.4655763199323215
0.5625 0.5
0.0 0.6875
0.4466747017097566 0.4797443519627882
0.4581419544674861 0.46794261569522083
0.4662422624421017 0.4483204221046941
0.43869411148288057 0.4993455317190809
0.4742744775563092 0.4196813612393928
0.4534403281858451 0.5222181434203784
0.5001147700017656 0.05315427069217085
0.4836530104064902 0.152480426025008
0.46069171266276365 0.5547436018430545
0.41711173542082675 0.5975552028955206
0.96875 0.5
1.0 0.46875
0.9831673796885144 0.454098300536695
0.9736004475319543 0.4315693956020381
0.9440262972072049 0.4279471363804792
1.0 0.40625
0.5276621281916335 0.07632390923081041
0.5170953289900565 0.14008134249863502
0.4658134517702494 0.5835950204882027
0.3938116001548395 0.6295515679096803
0.9296587232951256 0.4559070820296439
0.47381639587045893 0.6118030568989953
0.5 0.59375
0.5 0.6875
0.5 0.65625
0.09421027043699158 0.16833201748704005
0.0 0.1875
0.03410248283217156 0.22107928825779732
0.07259472229720032 0.7831780667329229
0.16267860785315783 0.7626112348894403
0.07603040568497749 0.7084333309040187
0.14265011138591852 0.8342003341577555
0.7343090416550289 0.12785713424684073
0.7157346215140578 0.057041437160934516
0.6290170937105598 0.16367546324721596
0.6074786784092077 0.08155941967142713
0.5796973456874948 0.310273477615673
0.6047972308015281 0.37436783545497987
0.5625 0.0
0.90625 0.5
0.4727752840051908 0.671875
0.11865523000559319 0.20622784305208894
0.03504234337870931 0.18484707044443294
0.0 0.8125
0.1533974340272743 0.7231470640155708
0.07824305923527905 0.7465532040446424
0.1377734659635515 0.7955738205753728
0.6965138929309038 0.12951098529626526
0.6790745110098622 0.0630226654395491
0.5474121100909988 0.32654551498318063
0.5702588091154172 0.3848862004510715
0.4727752840051908 0.7034054251519366
0.02530901992234805 0.15036350496617884
0.6605003843912393 0.13795740863926723
0.6441982489315138 0.07580488501766208
0.5045190259089366 0.33843472113124806
0.5364370538703482 0.3982180129736565
0.05141172006942264 0.1232894057587593
0.6875 0.0
0.5649472790415748 0.42097873517190443
0.16171726226363192 0.12616325710891058
0.28846911573610273 0.6137152233408647
0.6580598004491196 0.37537967061486394
0.658531224571719 0.44575739469053727
0.5898624134140027 0.26898940412593214
0.5386940806747158 0.03524663080784721
0.06570095966807035 0.8195660732097003
0.03960903073578046 0.7593429892868986
0.057317362921692545 0.8576474543072309
0.16998270633402934 0.6689139379502966
0.717027195651503 0.1656079977706414
0.6487718991777027 0.03431306358019335
0.7566620945926974 0.04281449017356371
0.14042317527001236 0.08807415291249854
0.6199895858149093 0.4482134769950519
0.616866927951524 0.2975319941003348
0.036909549819565395 0.893577250902173
0.1875 0.0
0.4375 0.0
0.2577172622591222 0.9329504122627857
0.05104178211034313 0.26538624154527873
0.11637754137468367 0.2514652189088547
0.46063238746540264 0.32033226166353057
0.6875 0.5
0.7102191967859091 0.4528756885995262
0.2996435192363466 0.955839230090092
0.16152258734096422 0.26941893109457293
0.2848587240310371 0.21190060635281843
0.286789058341764 0.3326338244631185
0.3462384124689507 0.23315227448359307
0.23070144653320312 0.8432579040527344
0.8125 0.5
0.4004733143657105 0.04930551744846226
0.20652364172168403 0.9464348577034909
0.484375 0.984375
0.453125 0.953125
0.12695847667239815 0.4610690428223071
0.25132688127115455 0.5219575790713926
0.12894224319295927 0.8790142295788778
0.5417717954122123 0.4655763199323215
0.015625 0.984375
0.046875 0.953125
0.39894976554889794 0.09837969025994392
0.11955796757716723 0.39384357189753616
0.06530421934251923 0.5644897481055715
0.3134962117247456 0.5518463588645666
0.4752302714970673 0.19890590465302627
0.5940954860714922 0.166970311978816
0.17428080568053383 0.640885342782453
0.775827798471198 0.4536898963271908
0.31400292507268524 0.40081397409744085
0.9430480487901842 0.26757160107338995
0.24589093280047145 0.17812989734376572
0.35194526758936245 0.059743259949724695
0.12271161034295947 0.599219901025126
0.4591395884047087 0.2817395399495978
0.06107066092581422 0.42784681453901696
0.42951012694926416 0.3458374446198479
0.015625 0.015625
0.8458863847253886 0.09891810930438413
0.4140625 0.9765625
0.0888671875 0.9306640625
0.36729063997666667 0.4522486382873785
0.474609375 0.916015625
0.2767086104065072 0.035090501225493564
0.2552446947610796 0.5880271489743889
0.38089789112279504 0.5625126604644457
0.9693201352098665 0.10012271157796851
0.45029404218373803 0.051229894070316556
0.9693201352098665 0.06887271157796851
0.359375 0.765625
0.06216405749300897 0.631439277323269
0.18205901903990407 0.3885980957522206
0.234375 0.671875
0.165761820860842 0.9732174288517454
0.8398651682561982 0.04302866454164837
0.054190715689576424 0.3526967749500207
0.12902109107811782 0.5310342960484964
0.2110620959503397 0.40320366539222197
0.09375 0.96875
0.1885616747684584 0.49430216700364027
0.48988518154671185 0.4989241492839809
0.18423953209226812 0.5770787495203
0.41808496166063625 0.19548928336008256
0.06230126205405824 0.4966521837958963
0.21232638254383449 0.08594411442579833
0.49364924165207036 0.49195891422351035
0.3030192437926417 0.4724981395042711
0.46875 0.84375
0.7852144517646877 0.22102343814648567
0.26712772940619955 0.4581028096051779
0.7706380110281204 0.408576149313328
0.43845817861991976 0.7801559969132532
0.4989101393581765 0.4747470741896711
0.48988518154671185 0.5145491492839809
0.5365108977061062 0.48278815996616076
0.4797703630934237 0.5134732985679618
0.5052608977061062 0.48278815996616076
0.53125 0.5
0.1875 1.0
0.5 0.53125
0.4855011523939843 0.49205531100625904
0.47565259691872525 0.48804362089863684
0.5572405834247867 0.4797143755908372
0.0 0.03125
0.03125 0.0
0.41264099905992724 0.07424400974633091
0.4104560608268364 0.14462182452317623
0.03404018963926177 0.9246651896392618
0.03125 1.0
0.0546875 0.9765625
0.4306640625 0.9599609375
0.45891927083333334 0.9317057291666667
0.5 0.96875
0.46875 1.0
0.3867184661036942 0.07549025687560747
0.3851388986634598 0.1263688140140827
0.024304720821132216 0.9461797208211322
0.068359375 0.958984375
0.44736328125 0.97451171875
0.4130701864919355 0.9423355594758065
0.44316730605484295 0.9159632425604117
0.47446935431618814 0.9474056456838118
0.5 0.984375
0.484375 1.0
0.3921701563412594 0.9275983854470865
0.42762939544005785 0.9000056999468786
0.369283957022459 0.9390231289326232
0.3781894717252769 0.903060528274723
0.41067652624789164 0.8816838420826305
0.43364731099494713 0.8784305636705967
0.36396051357959586 0.970278504526532
0.39619075124410436 0.8604472537323131
0.4471084203805028 0.8569502611415084
0.3659332095612782 0.8390928748245793
0.40772642935644626 0.8286171431188154
0.47136770696853325 0.8723822930314667
0.4010290980284812 0.24095750009454495
0.2776140859813092 0.4976887934234986
0.34064678252467595 0.42653130619240964
0.21603226608882392 0.517080805809999
0.14589483233099027 0.6508762883634628
0.286767205589308 0.5665477478428584
0.3455754677548061 0.5674264974839657
0.21201131345916416 0.6323273529768768
0.40910902200285915 0.5694257884139057
0.4585173005106158 0.23863900918180353
0.46246487440412615 0.1726131567665087
0.7539590219795989 0.3788349990407361
0.0 0.90625
0.37972053409877227 0.1605682771853435
0.34330302879952657 0.12695839441172377
0.34137162798163145 0.8930338632700282
0.2816273662532147 0.5284069956043316
0.337624848386283 0.45632265992170995
0.23021451574430044 0.5445968164903464
0.1520829122809182 0.623137515940849
0.11545076692879239 0.6651351976567244
0.34045772359911486 0.5371484441316804
0.19820210092853854 0.6588974480266658
0.4878522954302514 0.2275966659375948
0.43070698559382037 0.22418004464465105
0.4338512954459742 0.17158932846133476
0.15475919637062124 0.5907513070411693
0.3408999241487938 0.5059681412180791
0.19462493623245042 0.6935789314001374
0.4493912090860407 0.13763833963751745
0.0 0.4375
0.030296767297655836 0.482436095339316
0.09057445144452983 0.4468686952922402
0.091474661042333 0.3771452428124187
0.15311880215332602 0.43679689532578325
0.14970905708671986 0.37812079905661966
0.09848689681258611 0.4858691191564934
0.2270063052749947 0.041149885515590456
0.27294934492184914 0.382808522145595
0.18199199384399117 0.09972448077722251
0.02934909075641464 0.6449492266945157
0.0 0.5625
0.09240728555894061 0.6176847169811608
0.09475628853027662 0.547501163577396
0.09421953915482914 0.582347961159999
0.39784349352484427 0.7787306914012126
0.8117506435235592 0.08446332880974683
0.4691313249372875 0.764878482666197
0.3125 1.0
0.523043554653666 0.23019410065849194
0.15649343249187148 0.5558720499666772
0.026726803773525667 0.4085788487412149
0.034465375384150995 0.5161850575541045
0.09118542868928309 0.4095961394351002
0.08945222925363162 0.3395761873680047
0.1610498652596093 0.47157869941096375
0.24332440570818314 0.07130019781837052
0.30358515074165476 0.3687620467341718
0.03506741310382294 0.6122308339601836
0.3886013135498181 0.7428486218738355
0.7764452679521224 0.10799839249686526
0.5 0.8125
0.46606875576165663 0.7971601439941628
0.27380969651094256 0.09430550290690427
0.33143470806859876 0.3338463425823998
0.3125 0.0
0.3882393576975733 0.3272182916213735
0.30972254769344554 0.10815002192524796
0.8284024279325983 0.25632885051903465
0.16507505569295927 0.8233501670788778
0.3895293342747136 0.6854276185298726
0.20725315263749736 0.020574942757795228
0.48604737813633114 0.4345877548093675
0.326168755184723 0.8632800163948107
0.5827099053887178 0.4168302464318031
0.44551076953518326 0.6667771784901072
0.06016301024479137 0.06466846191520023
0.061509161294881445 0.8386067637584655
0.042572132471257344 0.24323276490153803
0.6775469765442104 0.36804107791672946
0.8886869365743173 0.11279797554681319
0.4424834626251106 0.7176559969132532
0.3913502445218642 0.609914672843729
0.6704929439444074 0.2666957603782038
0.9335793616475627 0.47795354101482196
0.9179543616475627 0.47795354101482196
0.7180894644128365 0.25370814885276866
0.6314285156253239 0.3748737530349219
0.3155485682499939 0.22252644041820574
0.807077798471198 0.4536898963271908
0.11882202685355578 0.08500089943540642
0.856663899235599 0.4768449481635954
0.7106889184825944 0.21957209086093465
0.022918076502984743 0.07429852817339361
0.8995500948150983 0.2178827347307708
0.48620862266231724 0.4586649026366918
0.47520440609275183 0.052192082381243704
0.5725508669680699 0.09623667109952015
0.12064507487703545 0.3289502995520557
0.6426393039763683 0.32292822996274395
0.5259655679999677 0.33249011805721435
0.33698217276903875 0.5924169134900424
0.38754925098914417 0.6483251904239975
0.18614273129126302 0.9598261432776182
0.5188638695407779 0.38064678824398523
0.052869933741806624 0.037244933741806624
0.10518694906061071 0.10203437099655858
0.7845810472963487 0.021407245086781854
0.2865314743743379 0.6470102819545285
0.32768124420118844 0.0649621312003559
0.9107786576174014 0.2845801589747715
0.953125 0.02874172251814283
0.19329833984375 0.90252685546875
0.5261467954122123 0.4655763199323215
0.684375210678814 0.44931654164503176
0.1416015625 0.9169921875
0.4873782749749621 0.3526293373919869
0.49765903419036694 0.4254170005520179
0.26537482841575427 0.19501525184829208
0.45649052718634625 0.5089573702781509
0.9567678272204687 0.3856676961387331
0.8801114092478233 0.4312975606789437
0.9221173323685359 0.16176357985371131
0.015625 0.046875
0.046875 0.015625
0.01980451536789023 0.7859214946434493
0.31401560327868616 0.802597704461971
0.5805511712750695 0.22243538721408318
0.1898511135555001 0.24276173329653192
0.04862393653769606 0.10469323105277326
0.4570660204243044 0.5384808726317165
0.7086028391995691 0.4109688626312207
0.451497303394936 0.3816247673759081
0.801765339406762 0.3099440204568417
0.022918076502984743 0.10554852817339361
0.22640703718518862 0.16124454283923936
0.7430234976285535 0.4532827924633585
0.1267354392185496 0.05768011092183549
0.9049350205023303 0.3804449309738239
0.14934047847259685 0.1891569418397049
0.984375 0.009580574172714277
0.865843743797456 0.3329427255671687
0.7876591541761657 0.14346514114972397
0.9399352069089831 0.33976599667542806
0.7621262797491335 0.23122186786967613
0.4968246208260352 0.4959794571117552
0.4949425907733559 0.49946207464199044
0.9492043616475627 0.47624889729667236
0.428781267469126 0.5219726382250318
0.6136663014424477 0.043801475768788775
0.03854307650298475 0.05867352817339361
0.171875 0.05014886382803502
0.8494922005374403 0.1639590505391818
0.5990108977061062 0.48278815996616076
0.9516712033987433 0.12032575881330633
0.48988518154671185 0.5457991492839809
0.5429954349329997 0.42606568751827373
0.49945506967908826 0.48737353709483555
0.519895037140099 0.2835752079919246
0.8276540865672226 0.3816436711369868
0.08585537296035622 0.06258375672096378
0.11536993374180662 0.03833622168448496
0.09974493374180662 0.021619933741806624
0.48988518154671185 0.5067366492839809
0.984375 0.040830574172714275
0.4949425907733559 0.5072745746419904
0.5182554488530531 0.4913940799830804
0.5026304488530531 0.4913940799830804
0.96875 0.0
0.515625 0.5
1.0 0.03125
0.59375 0.5
0.5 0.515625
0.49275057619699214 0.4960276555031295
0.4886760301380901 0.4948624187124868
0.48484615541101467 0.4982133917432441
0.4895593124590096 0.4906644449266943
0.4933916242233323 0.4856644823973331
0.4817594495799005 0.5056607985679618
0.49222792933472 0.4782228101668082
0.49793904715471443 0.4811415542880138
0.4824198236063667 0.47471409585251223
0.49108728236009125 0.46786863523120026
0.4690297742554984 0.5065792479100848
0.4675518253766177 0.5206954964830056
0.4429128848547302 0.5128154709724585
0.9365009094580276 0.01916114834542855
0.9559766622222711 0.05092423805752365
0.44099697641188 0.5335278543773634
0.5790934937055371 0.44144727295390174
0.5701871173632459 0.4033127509661936
0.5183342954122123 0.4491443917863716
0.5782812119874257 0.48586194434148433
0.9526254547290138 0.010395284723297982
0.5954494727858232 0.4312759283333239
0.5896058710430656 0.39417488833789727
0.5339592954122123 0.451788719131032
0.5568287012033069 0.4479373828865782
0.07214901334864612 0.0916594996049928
0.08228283272760757 0.12274013705031003
0.1269609028656114 0.10524595299390446
0.025659370452172314 0.8406962068935311
0.07594064851443316 0.8517656047729536
0.3634339281883329 0.6034410945715438
0.3657354764007893 0.6514800150484067
0.36863927956076314 0.6838041336534691
0.4086708046443222 0.6658020254542136
0.4108101412666753 0.6174482076884575
0.6584158986584473 0.3467824793555469
0.6747307713453753 0.3901056082028491
0.4793669144431396 0.5635829347172471
0.90625 0.0
0.6165209684204217 0.4269926619091506
0.5980698055157215 0.45372578795014334
0.06664238594860143 0.1114991032723943
0.14871330627319537 0.10843636003920915
0.042700269135624414 0.824484239265269
0.09494096729959867 0.8701886557665329
0.07192734566705598 0.8714822898621641
0.3738193506731998 0.6220847599789125
0.37775342141688084 0.7017409330201402
0.40825641733986656 0.6448012326092089
0.42735122511180995 0.6564506051832703
0.41069740835554525 0.6869260785736312
0.6804454880713386 0.34619510696196476
0.6936695855116759 0.38131087453740214
0.6373390912121428 0.43448375243937964
0.13688925707481162 0.13074326966982389
0.057140726206366205 0.8868442469402708
0.3535700621914523 0.6323252671295567
0.3858660863186296 0.721585252472117
0.4272076982207428 0.6352117648388336
0.4209204281651464 0.7081559137432809
0.7054011124442704 0.3343972086260784
0.7236315885458319 0.3756236838095744
0.06347986669939916 0.9117849555664664
0.041013710851751206 0.872147750009726
0.4089676004638576 0.7294211828668036
0.0 0.09375
0.06887272226767063 0.02151517776947031
0.1495462746476329 0.05535928375727644
0.0 0.28125
0.06604975734538988 0.24695265458252458
0.19609314133566183 0.04317237449150567
0.23343576382783143 0.13345029850559587
0.20945265064753985 0.20049193855654224
0.2721783985352129 0.16748081409399193
0.24623878965702242 0.23678004121184848
0.3327518527647619 0.029522215096836543
0.3453808866900194 0.0882382017185469
0.16549909433111482 0.7956277291315756
0.17168592405563537 0.8656122334532823
0.16007513235041726 0.9423575157732403
0.21875 1.0
0.46875 0.0
0.46177730062681577 0.0768733894797482
0.530474033671917 0.3070964566124262
0.4654349557531951 0.34357810765812813
0.42814640890201233 0.37132324344849565
0.5205677004986249 0.35467505496104085
0.4920466003287748 0.3757130779338038
0.9124780815859668 0.12482669034024933
0.7395764931067749 0.2114053342974605
0.7457136840925336 0.27680180829729967
0.6963000243494589 0.24056177103234752
0.7888948440643035 0.2605892702765085
0.962450133175245 0.17042098047618506
0.9665788402465263 0.3186678261181224
0.9206561211655163 0.3585748172726731
0.9745554226566948 0.3648184096620674
0.8874304841172528 0.15627149300491852
0.45502606660308476 0.40535723141899793
0.65625 0.5
0.9323337174415863 0.3827479180202763
0.8914961932797274 0.4780371483901845
0.048966902975782794 0.7975487608724409
0.15357913952295835 0.15163258130245486
0.4118722340304152 0.7559860014361622
0.09375 0.0
0.1652107162557648 0.07203870495482725
0.0912801038102284 0.24846778271991443
0.17865262695013193 0.0281530788698007
0.19931194543933034 0.17282554024530578
0.238279736669896 0.20659624925435846
0.2508838081389525 0.1526848079708838
0.28985159936951815 0.1864555169799365
0.3105721142403446 0.04443152212430257
0.18767613541465838 0.8414628676670513
0.1841591268468579 0.9346021509811836
0.4885492735033844 0.029639859435513408
0.4868164198081643 0.0745021963177999
0.5100025886130473 0.31655894965869935
0.4832365895299261 0.3277812822376167
0.7646236258135003 0.2056417854958519
0.7194916701829295 0.28009948241169563
0.9382733450540455 0.18477573678605277
0.9159052994134009 0.3344202490878316
0.4735015576453845 0.3904917255584812
0.694130841102837 0.4740879816716838
0.1007299926868952 0.27591290473271984
0.15625 0.0
0.26264181544518184 0.12448785624747764
0.47850335498375396 0.3041234150871229
0.7965937946355742 0.18431745101197133
0.9077961002276711 0.3100706631007155
0.07595137139542998 0.2703404739909604
0.8757360999458623 0.2933996897357104
0.08111240758521177 0.3052682598245402
0.05905371727165493 0.2902017938714354
0.0 0.3125
0.031929434657509075 0.28900343366784464
0.21875 0.0
0.3394864623337977 0.8207238670145174
0.27751856928246327 0.7833842989440313
0.212575785704592 0.9206661593204954
0.5055271490819714 0.25594435670011256
0.5588182903196287 0.25024710905873737
0.5747066779937204 0.19436533183744306
0.656475783647762 0.24064676047271855
0.6577794338990464 0.29029163665514957
0.8749333448074652 0.38299579976275056
0.84375 0.5
0.10619817394055871 0.8965882541252579
0.19784029128876005 0.7762362116066908
0.19869533164740466 0.8745830518506335
1.0 0.34375
0.1799837371484354 0.14603471381168837
0.6960908653527699 0.29242222084310426
0.71875 0.5
0.023986975463232516 0.2630339690920382
0.28404539638467796 0.8152570655834662
0.23883900048174367 0.9132393824052613
0.2318843048606159 0.9387961037459813
0.5996719651081653 0.20381075682563204
0.17176335544572394 0.17233286702068418
0.2653914854149182 0.9067045625886564
0.25166860108131595 0.9662231384184055
0.2850902453816991 0.9267093195112737
0.14904173811367938 0.3131981361512333
0.3401615303316199 0.20107113377923555
0.2892573175851373 0.24882902914880778
0.0 0.78125
0.014138843803180262 0.765625
0.022318436464312013 0.7440138801564963
0.0 0.71875
0.04991746994625977 0.7302994124769675
0.8743265004631374 0.19110158558580995
0.8307115309508306 0.3447172165204142
0.13038319223960673 0.9637828886740682
0.20993631451524308 0.9738338252001653
0.46358429172301574 0.030091688563723375
0.4361040996937768 0.02756113425477067
0.40625 0.0
0.9772378744051996 0.28279283362110536
0.6683697903825462 0.46992661710387934
0.6405463937026784 0.4671655839112136
0.2811598828759831 0.8484779499126396
0.25316650797707535 0.804975711579933
0.28125 1.0
0.14851044954027856 0.3456668827629669
0.8640062491733814 0.2260905122315463
0.21995947786722558 0.8054758100945462
0.5495054488530531 0.4913940799830804
0.3360608058466785 0.6350903953757092
0.5982821368195094 0.30390273585800387
0.42283086202327524 0.4152423167087718
0.619750712123219 0.412552623091318
0.07380746188774819 0.20999676662189298
0.4848277723200678 0.5374487239259713
0.9133762335462907 0.39272026008025673
0.2526223473805398 0.6065135744871945
0.35155818347752144 0.7100683653138248
0.23362800411012186 0.6101772509756329
0.5183342954122123 0.4655763199323215
0.558845868703436 0.35574243810152906
0.34908615138674204 0.28518254484296923
0.4450712572073334 0.33308485314168923
0.19445756770694847 0.12204183455596776
0.29820887193709233 0.6979003451054855
0.5117581732795796 0.48709111997462057
0.13579617728943888 0.8566072818683166
0.48456566246864374 0.7886892413330985
0.42992363495643854 0.14113008208034683
0.9589771808237814 0.48812444864833615
0.6337689142628213 0.3414181962869024
0.9579383560007779 0.19458549023809252
0.28750029505522035 0.6303627526476966
0.7377863672765286 0.16567332742151764
0.6681359495888514 0.017156531790096675
0.9208759094580276 0.019975858896012253
0.05562386047014177 0.14161554348496747
0.3724735110527432 0.43876430316884296
0.11206659611980337 0.9662664443370341
0.6312191003100752 0.039057269674491066
0.43334470986501905 0.5625825277776324
0.6616363799706879 0.06941377522860559
0.11796782401134293 0.7164090279659712
0.4506676019593902 0.09998531382845519
0.308483322792838 0.4970748297482325
0.5247527244265265 0.4956970399915402
0.030175681650528682 0.1676052877053059
0.2975551647924454 0.44792144926030963
0.6632882768141235 0.2057201908931549
0.012829685226086157 0.8578481034467655
0.5008045388861517 0.4667224775817609
0.32513427734375 0.92303466796875
0.46965554464013554 0.4967724478519425
0.37363375524871595 0.237054887289069
0.012152360410566108 0.9574648604105661
0.46173420538643606 0.42767633751373774
0.1319618152478405 0.5134410868114171
0.1064327502212924 0.1872799302695645
0.06059636845402057 0.647921312086232
0.11104844572238781 0.7527921628328366
0.458056640625 0.987255859375
0.4116018295630508 0.5065601636507661
0.04296875 0.98828125
0.46325258221650656 0.5691693111656286
0.4872346771580941 0.9580778228419059
0.616603684034864 0.11634885747833361
0.2506090036606977 0.31860194581143353
0.20829514564438 0.7474931058033454
0.19812542277571615 0.6047030512485885
0.7861468039852582 0.4079779709838548
0.187069845624883 0.5591897504731453
0.4436395822738147 0.259730357555119
0.890625 0.06706401920899993
0.4022032931535897 0.282275318899946
0.4873046875 0.8955078125
0.8474958488533986 0.4652674222453931
0.11751638569013843 0.2288465309804718
0.41394899669119495 0.35859003609800655
0.5381346037112406 0.15517325160452555
0.02943171523196536 0.6760754500595567
0.09574058630688494 0.6867842642803715
0.5222011221326327 0.47848519995770095
0.40234375 0.96484375
0.5003741696982733 0.1462808842618215
0.140625 0.016716287942678338
0.15803802094021607 0.7428791494525055
0.5961135025748201 0.048545681863086484
0.33926238626753835 0.4811454005698945
0.4266095725844118 0.47746272415090585
0.23909491267826963 0.43065323749869994
0.6556784114710847 0.18069967368810935
0.2715092056699939 0.7532974683775108
0.4729885409842666 0.8941989590157333
0.553111415949413 0.0648068985940973
0.346341217099231 0.6718717626081411
0.06018209095993901 0.4453234468585047
0.2750468375350489 0.7017579891895913
0.2225037163091061 0.3143339386140497
0.8604431923626943 0.08778135134304918
0.39431743228211524 0.4785322171256931
0.078125 0.984375
0.7662059409945041 0.3507114741517545
0.6447587390508995 0.1508164359432416
0.794163899235599 0.4768449481635954
0.7553771548035757 0.11792776337185298
0.08824655158229958 0.14553607726867504
0.2421875 0.6484375
0.28252021535704913 0.4030766405809716
0.8891263641870413 0.029556433068726535
0.7594256480498758 0.4534863443952747
0.17947693337014664 0.35924535233768584
0.2265625 0.6953125
0.44543117258478654 0.6253315354703215
0.4075063978452942 0.4491405222356416
0.8892600662714745 0.4418976776361442
0.6996834624415562 0.18166594094982205
0.7266213472072313 0.45307924053144233
0.09662159267143136 0.5166851413669447
0.921875 0.04790287086357138
0.37620929097753647 0.05452438869909348
0.8258079058898786 0.06374599667569761
0.9242102691446417 0.08677492593565228
0.25464605121317474 0.4754818348995927
0.16169007018065182 0.6960305009829337
0.3144446175155847 0.7435822945235638
0.8574325841280991 0.021514332270824187
0.049862173105582316 0.33259838747501036
0.2855626536934555 0.6636578112613604
0.4984123104130176 0.4979897285558776
0.05018581622317109 0.5883602910328776
0.49747129538667795 0.4997310373209952
0.406615614377633 0.5455764607217954
0.7940979557378408 0.09623086065330605
0.40850061086729345 0.30401999877490393
0.48690819793522944 0.6340265284494977
0.7816953060945193 0.045274761283001674
0.4949425907733559 0.5228995746419904
0.5160388056515273 0.39860315486617043
0.616853740105362 0.2681924623848345
0.1892309169629781 0.5178014592148155
0.5681713232080801 0.11597682098506434
0.9812250665876225 0.14771049023809252
0.9902271808237814 0.48812444864833615
0.49972753483954413 0.4936867685474178
0.44166581300584584 0.4496017839090237
0.8199916977067969 0.4305348444907863
0.251857457840751 0.03812019337054201
0.6974045662619599 0.06003205130024181
0.1991426431648793 0.42525362398675604
0.3880221242809727 0.3983112978132364
0.3620770610253473 0.35275074039995347
0.22298154873580006 0.38115370679768795
0.9846600676049333 0.08131135578898425
0.18789243257393867 0.4708028747924652
0.9482373138082475 0.24316080053669498
0.4052067324388521 0.410852774574699
0.27960940759922437 0.4407237843107631
0.7361983580533775 0.04992796366724911
0.3797168017640047 0.5137949926248349
0.33180201640797125 0.963058867308312
0.4949425907733559 0.5033683246419904
0.5314884024238538 0.18543968800495708
0.49747129538667795 0.5036372873209952
0.5091277244265265 0.4956970399915402
0.5013152244265265 0.4956970399915402
0.5078125 0.5
1.0 0.09375
0.5 0.90625
0.0 0.84375
0.546875 0.5
0.5 0.78125
0.5234375 0.5
0.5 0.5078125
0.49637528809849607 0.4980138277515647
0.494338015069045 0.4974312093562434
0.4924230777055073 0.49910669587162204
0.4947796562295048 0.4953322224633472
0.49669581211166614 0.49283224119866653
0.4908797247899503 0.5028303992839809
0.49611396466735996 0.48911140508340406
0.49896952357735724 0.4905707771440069
0.5195703029968564 0.4964654860853711
0.4861522857643053 0.5037065106751639
0.5130735211336805 0.4780482274628149
0.5260292661389199 0.4867127430037742
0.531798321884339 0.4921152821139767
0.5222405454122123 0.45736035585934653
0.5407194504491696 0.4934135550414684
0.5144280454122123 0.45868251953167677
0.5046671795923121 0.45770530156709216
0.47509181206866563 0.5490519928523213
0.47403470788832835 0.5382787951464125
0.3539687112506713 0.43938997223989407
0.3868357968033215 0.45202284331350046
0.44782360488413514 0.4196896120635058
0.4450104338897965 0.5516587004465441
0.42322044526882807 0.5730645009727771
0.45195049831816525 0.5786158299237188
0.7928719268678918 0.380993209154129
0.7792472821214622 0.4304411419141462
0.891386505566442 0.3988016520207089
0.9027618361506096 0.4209966569066192
0.8672798601169853 0.45162013309690174
0.8228131435970677 0.4753944700351205
0.9648293616475627 0.47334949992721403
0.984375 0.5
0.953125 0.5
1.0 0.484375
0.9915836898442572 0.47704915026834743
0.9868002237659771 0.46578469780101905
0.974383898206894 0.46541127492605094
1.0 0.453125
0.3628234863336279 0.4273169788674731
0.3875636519932459 0.43682616770677435
0.4272360950568085 0.5870733214968316
0.4129990302605453 0.5835221738734635
0.7777474054751975 0.3915542828922692
0.7944855982077214 0.42283038960218633
0.9067062654002261 0.4063469019266318
0.9052034740995252 0.43738540972638557
0.8827106685314284 0.45679830530792
0.8395296401854304 0.4809945068408498
0.3674351486989287 0.40587487473383194
0.39338892169864426 0.42180417904368345
0.43125149081103037 0.6010822148394276
0.0 0.15625
0.04267910325194355 0.154768351935518
0.01709951367080773 0.18060388673935304
0.05628354919610776 0.2238805416749647
0.08884495107870459 0.19680700634726456
0.031248279690918337 0.4526132609878204
0.07493398621929682 0.4548343872351164
0.11381553719138664 0.5013655393340193
0.1610802543171729 0.5092658885059013
0.41059480338330856 0.4778075932123385
0.37559811946195876 0.4776169261766646
0.4180701953951751 0.4614285707873071
0.40281824636500924 0.49243601147579275
0.04418888508572341 0.6546762867718554
0.08519147380208521 0.6419451032154888
0.21574568165228852 0.5728951057544632
0.17284073807013042 0.5477700888178587
0.10337296230848733 0.7042085964890551
0.13395278444706982 0.7288738297074873
0.09291590790659465 0.7587684671554558
0.13513368221553404 0.7667974825778547
0.11856590101332859 0.9454141924420577
0.09375 1.0
0.12342589864606728 0.9812574051026381
0.31106406574330947 0.6400860267831883
0.2673400996465381 0.6375414640541489
0.31153757624369227 0.6735214049449207
0.2604150814764866 0.6705462769679155
0.38374195632057206 0.9717267936794279
0.5023017016341995 0.12583015106738077
0.5162548831146273 0.1634641212983471
0.59375 0.0
0.5920630946007254 0.06840319256195597
0.6350593005193446 0.01842202408319594
0.6843247899948717 0.03753310316151621
0.6277211146154081 0.0609586538830813
0.6584854288089832 0.08780191967622217
0.6639232050937824 0.048667864509871234
0.6030991346492178 0.10129956955697132
0.6138683422998938 0.14235759134486575
0.5447496458699241 0.34442539735623334
0.5729316824367199 0.36703289846242176
0.7091751009247486 0.07450640320980756
0.8740009094580276 0.05748344503628566
0.8895834292480287 0.011183948246504592
0.878313532786482 0.09605764638715543
0.8415012288815632 0.0781043424862152
0.9137844072245077 0.03421093506331971
0.9380701352098665 0.05678385992339706
0.9074176345723208 0.07691947257232613
0.930595974083471 0.10956193774375848
0.43104928725711444 0.4348651830532679
0.4856023647207646 0.7711095278935918
0.7186860080563997 0.43156453674572093
0.7515057035112928 0.430731147613973
0.7181396471500385 0.47559012611796353
0.7509441682465235 0.4759794819968427
0.774282242710188 0.3704813648522142
0.7940451268830816 0.44100899626373363
0.9230783800558489 0.42634610379893617
0.8704362943540356 0.46779482225115143
0.037909091747186596 0.13712738981576147
0.0 0.21875
0.056294039571728884 0.20589267241799877
0.09083058381403603 0.21423771430881475
0.04236128431801639 0.4356564728460856
0.07576170582659776 0.43735466108152754
0.09101996819167978 0.46708116278921774
0.11476619836821908 0.5196091978886797
0.14851362736235854 0.5252501175623857
0.3950325150643961 0.5070710933062024
0.045227278943464136 0.6369086214495767
0.07599644737815797 0.6577016636430922
0.20751860607362596 0.5532566584595591
0.10047365662193974 0.7225067381675736
0.13556050648897705 0.7103300534550984
0.12864112820002208 0.7467131883219639
0.10070891647535568 0.9512874525686308
0.10505969242414995 0.9833750788095706
0.3043304361572655 0.6229902451877116
0.3023927947955006 0.6562853038013754
0.2728648082732751 0.6211590694937635
0.27092716691151014 0.6544541281074273
0.40625 1.0
0.48655662435282304 0.13466234269426725
0.49769022780157435 0.16469145837239568
0.5989180701932343 0.024078762392806437
0.6090388318374816 0.06152395132382606
0.6182647210676083 0.025971519964686104
0.7037554813305371 0.04128850147466178
0.6442337304332214 0.05236593794414385
0.675890408207683 0.08132035569848223
0.6214559170860999 0.09841085384610909
0.6299785436588098 0.13090369815396713
0.5615655744250183 0.33779125714745667
0.5561337079048267 0.37364475457406177
0.5911805904840445 0.3606382661162703
0.8901254547290138 0.04871758141415507
0.8628518581572003 0.10601165665968597
0.8579021600895469 0.06937803038093465
0.9223599578213256 0.06622551792345222
0.9418907660881412 0.09410849525612686
0.48276950198946855 0.7537127125306614
0.7350137601973775 0.43776307862349284
0.7346268090431443 0.4689434804879791
0.7674311098857888 0.4693505843518115
0.018798743895570152 0.13155071738914018
0.09555000351470581 0.23129372323319594
0.07674248949734715 0.41973534957157504
0.07412532591126057 0.47258430499271226
0.11144916119983117 0.5383531441568522
0.0961931000830341 0.658926544013537
0.07487912215206136 0.6797036494147697
0.09702392761414438 0.7407001998290261
0.3059956058285562 0.6019427963712487
0.3225311651420398 0.6566446721753149
0.27250987895100576 0.6003377022113207
0.4683495150297639 0.1408409599545482
0.4865702618786725 0.1162362468007587
0.5829378337497616 0.034641196318976115
0.564279106553738 0.319846730944111
0.5533711268837345 0.39161095158667314
0.8467128977709406 0.12077609636532405
0.46221495411417124 0.7425187318539569
0.5 0.71875
0.7363294476890777 0.48743384007065915
0.78125 0.5
0.09351837611845544 0.4282756669974064
0.08295307787517317 0.7286083856746065
0.3977904213112517 0.9811158286887482
0.46497102697269777 0.11929011581904833
0.5496205795487445 0.30752200394551044
0.5813353323303259 0.33011412132149864
0.5391821779577259 0.3802490694726217
0.48761798520424 0.734375
0.7655881325499535 0.4885839035779094
0.0 0.34375
0.06532877670889799 0.31875207355200164
0.27061498338018114 0.4210922509996078
0.22183381824965775 0.4650876773311495
0.24343593911738415 0.4542589866219625
0.40887474232341875 0.3365278681206107
0.18491454479463568 0.7261466065485658
0.3303868055749939 0.7032327068018809
0.43601941097388097 0.11910114276088032
0.6655198247660004 0.16016680551261406
0.4367138915027272 0.3070165250632931
0.6020249909238361 0.2845281875070746
0.6812321397358004 0.2217785130516789
0.6130918506869415 0.3168125407281138
0.71875 0.0
0.7527098144997759 0.06443607781754909
0.7956155433995399 0.11763174576685573
0.789588036668312 0.070341124963777
0.7273333208263079 0.1889835393053259
0.7482290851986214 0.14564511207627306
0.7274636989008838 0.147554558896579
0.4649168016115345 0.6356555620127049
0.6292716833454789 0.39485437100468646
0.36919477131566075 0.3788651247140807
0.36766928542825433 0.49484302204706704
0.15625 1.0
0.572022752588899 0.07271920849852827
0.65625 0.0
0.02106045259392573 0.4338164738269745
0.1411453373452854 0.6895121672434094
0.5081176572270497 0.18139855695664744
0.697835139926562 0.019775187046486672
0.6100332165191571 0.3555578122317907
0.051329103775316354 0.6882401028867074
0.5608755783205402 0.0393008863527772
0.5815735730030477 0.015207447018877981
0.8515007963943624 0.1421488584954708
0.027340087917635196 0.32693360838147656
0.26015981344567374 0.4012417103458476
0.3949968306531219 0.35133437810952783
0.42611909116926044 0.32582919515321046
0.17995754888973037 0.7481358491097551
0.33604414963865237 0.7219145887993947
0.3308271832603619 0.683717986093711
0.4171140843693903 0.12572759389242516
0.5834724229520771 0.2909929309878938
0.7666604920326516 0.08508231424494703
0.7481074357794766 0.1843004720275298
0.6099996208688575 0.3958968331441515
0.6501751042482398 0.39473936579469926
0.4876389013377407 0.18257240338454878
0.8227731596852029 0.15050079114749648
0.33738002684750285 0.7448459022781966
0.7700176047376233 0.1844056943564929
0.14507162550504463 0.9797531773557067
0.7809337889788379 0.16483834328244018
0.14642737129423333 0.24164020484492726
0.2671019918122716 0.05972794333846367
0.3591001610166926 0.03399377962304018
0.20718690948690532 0.35836906214634323
0.11819964188642965 0.8389730481371551
0.2501413277886594 0.7035250362109325
0.2897405394631788 0.7185183227980153
0.5628144672742027 0.14297876860941464
1.0 0.21875
0.9263685955882784 0.22575496409372117
0.9669486050043417 0.2598954289388898
0.021366058174541507 0.20262060766458292
0.6920036289367978 0.15597595754397767
0.7385518146409413 0.023706948891700722
0.24857210402931146 0.37954830379695415
0.13933378777110977 0.21860701658495835
0.3838006059605188 0.03080395686295494
0.9242766197240415 0.25082418852080096
0.9719729628845083 0.23544957232770725
0.26436999684728407 0.3541912321622091
0.40855340948675073 0.025261029816448174
0.24037297738988317 0.29133510528973083
0.33438299648613445 0.25989421614903696
0.3638033048862153 0.31072663816443996
0.0 0.59375
0.24004595170004983 0.7427690163694054
0.6296568869943978 0.24433940637149787
0.84375 0.0
1.0 0.15625
0.9831399383392289 0.16840946372779858
0.34375 0.0
0.9767132894131554 0.210594428655896
0.3610970104229928 0.2612806613180925
0.03292245240625687 0.5546221322145182
0.034406687320258894 0.3464423069796271
0.03538082027595228 0.377778433561799
2336
0 395 348
321 1002 748
348 395 39
0 348 394
862 385 965
38 394 550
550 39 577
39 550 394
394 348 39
520 38 550
395 551 39
800 964 227
551 37 666
37 551 395
666 37 705
551 666 532
577 532 503
577 39 532
625 503 587
40 503 532
532 666 40
520 550 577
666 589 40
532 39 551
518 748 1002
41 577 503
665 520 561
520 665 38
287 817 1067
665 561 27
27 1112 1006
561 1067 1112
827 1008 1006
34 272 827
282 1007 827
1209 1069 257
561 520 41
965 385 966
41 556 561
556 41 625
641 625 626
625 641 556
520 577 41
556 641 287
1007 1067 817
817 287 626
886 817 626
817 886 34
287 641 626
34 827 1007
626 625 533
556 287 561
503 625 41
202 272 34
587 503 40
826 966 388
705 35 589
212 701 1001
589 35 588
588 40 589
533 625 36
564 36 587
36 564 517
587 588 564
40 588 587
36 517 533
588 35 865
589 666 705
865 727 206
727 865 35
206 708 578
708 206 727
727 307 708
206 564 588
303 564 667
564 206 667
42 466 706
578 706 667
206 578 667
564 303 517
42 706 578
206 588 865
250 212 1000
303 667 706
533 627 209
533 517 627
29 209 654
209 886 626
886 255 34
255 886 29
566 838 29
29 838 255
886 209 29
202 34 255
209 627 654
626 533 209
642 654 627
303 706 642
753 290 804
466 290 642
706 466 642
642 290 654
654 703 29
654 290 703
221 761 672
753 761 703
290 753 703
29 703 566
753 709 761
642 627 303
517 303 627
761 566 703
578 708 670
36 625 587
1066 518 856
255 838 1010
1209 256 1008
272 1069 1209
257 1009 505
18 257 505
623 540 967
668 18 756
756 737 668
310 737 756
18 505 756
668 737 736
756 505 310
618 623 967
794 33 1009
202 1010 794
1010 1070 794
1009 669 505
310 735 737
735 310 732
669 732 310
707 732 669
505 669 310
1143 735 734
669 33 707
794 1009 1069
1069 202 794
737 735 26
181 1233 366
21 1142 1232
21 478 457
385 968 966
618 967 969
9 457 458
458 479 9
374 479 458
1011 876 187
9 479 468
346 876 1071
227 831 970
366 1233 1232
1143 26 735
181 346 478
460 181 366
366 907 481
1232 1233 21
1012 1115 187
458 1011 187
1072 876 346
1012 876 1072
876 1011 1071
374 458 187
1114 181 480
1232 907 366
737 26 1179
189 479 374
735 732 734
388 968 950
1113 33 1070
794 1070 33
857 1198 311
1113 311 707
481 460 366
525 481 734
24 734 726
734 732 726
707 311 726
24 726 311
1213 1198 857
726 732 707
311 316 24
566 221 1213
182 316 28
311 1198 316
566 761 221
24 316 765
481 525 113
786 525 765
765 182 786
182 765 316
525 24 765
786 182 891
1198 555 316
24 525 734
271 857 1070
113 525 786
480 460 333
1133 1072 1114
333 460 113
480 333 20
187 876 1012
374 463 898
326 1013 463
326 463 1073
1133 459 1072
20 326 459
333 461 20
181 460 480
462 461 333
113 786 462
482 461 101
462 362 461
786 891 462
461 326 20
1013 326 96
96 837 1013
837 96 1014
482 96 326
326 461 482
1014 482 370
362 462 891
333 113 462
460 481 113
1013 837 1074
878 1201 182
481 907 1143
566 271 838
898 189 374
804 290 466
385 789 968
307 738 498
981 796 999
464 670 498
498 670 708
753 804 43
466 375 804
670 375 42
464 375 670
578 670 42
804 375 118
498 738 464
42 375 466
22 354 927
354 22 492
354 1199 927
22 927 464
483 375 464
375 483 118
483 490 118
483 464 927
1199 483 927
804 118 671
728 490 494
22 464 738
982 981 999
728 118 490
43 671 562
671 43 804
342 672 562
43 562 709
221 672 555
761 709 672
555 672 674
672 709 562
672 342 710
674 672 710
562 671 711
709 753 43
711 728 31
728 711 671
712 545 673
31 673 711
31 728 494
711 673 342
545 710 342
710 545 674
545 317 674
545 342 673
545 712 317
674 317 767
673 31 712
711 342 562
671 118 728
28 555 674
1199 183 490
28 316 555
713 492 675
713 183 354
1228 44 1200
713 675 536
494 183 536
536 183 713
676 343 46
343 676 536
536 675 343
494 536 676
1200 343 675
713 354 492
405 343 900
1214 900 1200
396 322 358
1214 779 1218
1063 438 882
900 322 405
46 405 332
46 343 405
332 222 1186
396 332 405
405 322 396
46 332 406
1214 1218 322
343 1200 900
102 926 998
676 46 441
441 216 31
494 676 441
766 216 440
216 712 31
317 515 767
515 317 712
767 515 1220
766 515 712
712 216 766
319 515 766
216 441 440
494 441 31
440 406 397
45 766 440
45 397 373
397 45 440
332 1186 406
834 766 45
834 1230 319
766 834 319
854 427 94
427 834 45
373 427 45
207 802 1230
373 397 452
440 441 406
46 406 441
1230 427 207
222 332 396
494 490 183
1064 926 516
196 674 767
1219 847 878
847 1219 196
878 847 23
932 1201 23
362 368 929
368 362 932
368 932 1180
362 891 1201
362 1201 932
23 1217 1212
318 1217 847
182 28 878
318 491 484
30 318 196
484 465 1217
465 1212 1217
1180 888 1144
465 484 888
828 77 429
340 77 888
484 340 888
1180 465 888
484 80 340
318 847 196
196 1219 674
1144 77 937
929 870 1145
101 461 929
870 929 368
1145 101 929
370 920 1014
370 1145 430
85 920 430
430 920 370
370 934 1145
934 370 482
1145 903 17
101 934 482
380 937 828
937 380 870
828 377 380
377 828 444
937 77 828
380 377 428
17 903 428
1145 17 430
428 327 17
428 903 380
377 825 428
430 17 327
377 868 825
903 1146 380
888 77 1144
825 443 428
340 429 77
929 461 362
491 30 802
30 196 767
802 30 1220
207 1221 802
80 484 491
80 491 931
930 70 1003
931 1181 1165
491 1221 931
70 993 1003
207 914 1221
429 340 80
914 493 1221
914 207 854
25 1181 858
858 1147 347
914 854 94
858 1181 1147
930 25 936
1165 25 930
137 994 1004
141 792 936
141 936 25
936 1004 930
25 858 685
931 493 1181
1220 1230 802
137 936 792
818 993 70
818 973 993
1016 880 143
429 973 444
868 377 444
868 444 47
47 1166 454
47 454 868
444 352 47
454 825 868
352 818 974
444 828 429
1015 140 1017
974 880 1016
1015 869 78
974 894 140
1016 143 1166
894 1017 140
143 1018 1076
1166 47 1016
575 144 842
1018 143 880
1015 1018 880
1076 144 939
1057 1017 894
818 994 974
974 994 894
454 82 825
842 78 233
491 318 30
854 207 427
939 67 454
427 373 451
307 498 708
1065 1000 982
837 1075 367
1231 910 1222
1222 910 485
1077 361 839
468 1231 1222
19 467 229
19 485 467
184 839 1078
839 184 1019
839 1019 1077
1019 860 467
485 910 188
618 970 226
334 189 470
188 910 334
189 898 470
334 470 471
361 188 469
361 485 188
839 361 1020
471 469 188
188 334 471
469 1020 361
469 471 344
334 910 1231
189 334 1231
1078 839 1020
771 191 770
191 771 229
771 770 10
557 971 238
611 972 557
768 10 769
769 552 768
297 552 769
10 770 769
768 552 273
769 770 297
971 557 972
860 191 229
1118 1175 184
1080 1119 1134
1175 860 184
1078 1118 184
1175 772 191
297 772 275
297 770 772
258 275 1025
275 258 297
260 1134 772
552 297 702
1023 861 58
772 770 191
229 467 860
258 702 297
471 470 15
637 238 971
453 15 477
15 470 1116
477 15 367
15 453 344
124 344 446
124 469 344
431 446 338
446 431 124
344 453 446
124 431 447
453 95 446
447 1117 124
372 95 453
372 477 851
85 1079 851
851 477 1022
1014 1075 837
851 1021 372
434 338 95
338 446 95
338 434 449
449 892 455
95 372 849
431 338 299
1079 1021 851
453 477 372
1022 85 851
299 338 449
823 1023 58
431 1171 447
823 58 1081
1080 1023 823
276 130 1026
130 1025 840
130 840 1026
1082 192 1024
1119 1080 192
258 130 214
1081 1024 823
58 861 447
904 455 1148
274 1081 904
299 455 904
455 299 449
904 1081 1171
274 1148 866
259 677 276
259 1183 750
677 750 12
750 677 259
866 1148 1183
866 259 1026
866 1183 259
1026 1082 866
299 904 1171
276 677 496
12 750 788
344 471 15
898 1074 1116
276 214 130
628 830 949
628 273 643
830 628 663
628 949 273
818 70 994
439 57 306
306 663 655
663 306 57
57 830 663
398 439 306
628 298 663
818 352 973
643 702 296
643 273 552
702 258 296
643 296 504
662 655 220
655 663 298
655 298 645
504 629 298
628 504 298
655 662 306
68 662 351
628 643 504
552 702 643
398 306 662
157 407 835
407 157 398
835 407 122
157 835 167
141 975 792
5 167 330
330 122 843
330 167 835
835 122 330
5 330 399
407 331 122
1057 975 72
122 331 400
331 398 68
68 408 331
351 408 68
398 662 68
331 408 400
399 843 158
399 330 843
400 158 843
881 158 400
122 400 843
976 84 615
400 408 881
331 407 398
157 439 398
821 84 976
104 504 296
880 974 140
504 104 629
104 296 214
644 104 1202
629 104 644
351 662 220
220 645 644
644 749 220
328 749 644
645 629 644
220 749 351
1202 261 807
629 645 298
678 261 496
276 261 1202
12 714 496
751 714 320
496 261 276
678 496 714
328 807 678
807 328 644
328 678 107
751 678 714
807 261 678
749 328 542
788 714 12
644 1202 807
258 214 296
751 539 678
208 1027 1083
351 749 208
542 679 1027
819 1027 775
1084 819 1029
881 408 369
819 1084 369
1084 56 1028
1027 819 1083
881 1028 158
775 364 1196
351 1083 408
679 542 107
542 328 107
530 715 323
539 715 107
208 749 542
679 107 715
364 775 679
364 679 530
530 389 364
776 389 530
679 715 530
1029 1196 56
539 741 715
775 1027 679
107 678 539
977 995 996
539 751 210
220 655 645
12 496 677
995 977 194
849 434 95
352 444 973
83 445 327
1079 430 445
327 428 443
83 327 443
11 799 797
797 799 355
432 355 83
799 1021 355
445 83 355
797 355 1122
432 83 443
799 434 849
335 82 448
335 432 443
82 454 448
433 79 335
1087 1122 291
432 79 1120
193 1085 1120
79 432 335
79 433 528
1120 528 193
193 528 630
335 443 82
825 82 443
291 813 1087
434 11 887
11 434 799
1031 1088 887
887 363 449
64 892 1203
64 455 892
1203 363 1033
1033 877 1203
449 363 892
877 165 1203
11 797 1087
848 1148 64
535 813 1030
535 1031 813
790 1030 193
656 790 193
813 1031 1087
1030 1086 535
908 1032 145
908 145 1033
1204 805 152
805 145 1032
805 1032 1185
805 877 145
1185 1121 875
1031 535 1088
1030 813 1085
1204 877 805
433 335 448
849 372 1021
433 67 356
67 433 448
14 356 435
433 356 630
656 630 646
656 193 630
509 630 14
630 509 646
630 356 14
631 656 646
356 67 912
656 103 790
435 356 912
912 144 575
239 509 14
84 435 912
977 435 821
996 435 977
509 249 646
249 509 634
658 648 634
634 648 249
509 239 634
529 646 249
633 648 649
912 67 144
454 67 448
529 249 648
103 631 875
103 656 631
875 631 632
114 1185 875
798 1149 114
798 114 647
632 647 114
497 647 632
114 875 632
798 647 657
632 631 153
1032 1086 1121
153 529 633
529 153 631
497 633 650
633 497 153
529 648 633
146 647 497
664 657 146
657 647 146
650 659 146
88 659 650
146 497 650
664 146 659
649 650 633
497 632 153
646 529 631
798 1184 1149
995 1005 239
528 433 630
939 144 67
657 13 798
848 1223 169
64 1203 1223
784 169 740
169 788 750
751 320 210
714 788 320
210 320 110
784 320 788
788 169 784
783 320 784
848 64 1223
539 210 741
784 740 757
164 740 872
905 164 872
740 164 553
165 1204 872
740 553 757
500 201 110
320 783 110
757 179 783
179 757 553
757 783 784
783 500 110
500 783 179
740 169 872
872 1204 905
210 110 758
741 758 759
758 741 210
763 776 759
741 759 323
323 776 530
323 759 776
978 194 821
763 8 680
680 776 763
776 680 389
759 758 309
323 715 741
309 762 764
762 309 758
315 764 832
201 764 762
762 110 201
309 764 315
763 785 8
785 763 315
315 475 785
940 475 315
763 309 315
850 381 997
201 832 764
309 763 759
758 110 762
102 850 979
179 553 739
848 169 750
1194 164 905
905 1184 1194
132 360 472
164 360 132
500 739 424
500 179 739
132 424 739
424 132 425
553 132 739
500 424 6
360 13 486
442 201 500
425 132 472
472 486 704
664 704 486
162 704 664
13 657 486
425 472 117
419 6 422
6 424 422
425 160 422
117 160 425
425 422 424
419 422 160
704 382 472
472 360 486
1184 905 152
500 6 442
832 442 159
832 201 442
417 159 418
832 159 940
421 106 475
940 159 421
161 1034 421
161 421 417
159 417 421
421 475 940
159 442 418
832 940 315
415 161 417
415 418 121
410 121 74
419 121 418
442 6 418
415 121 410
863 1034 161
863 161 410
863 401 350
410 401 863
161 415 410
863 350 1135
416 121 419
415 417 418
6 419 418
106 1034 1135
420 419 160
164 132 553
664 486 657
102 998 850
659 508 664
887 449 434
445 430 327
86 978 248
975 1057 792
522 970 831
778 308 777
358 322 778
777 308 681
778 777 358
396 682 222
396 358 682
49 824 682
682 824 222
682 358 523
1136 1150 824
358 777 523
1218 308 778
681 16 716
239 14 996
236 716 295
716 523 777
523 717 682
717 523 236
236 246 717
295 246 236
523 716 236
49 682 717
295 716 16
716 777 681
14 435 996
204 717 246
809 397 1186
49 1124 1136
456 1123 437
809 456 452
217 451 373
217 452 437
437 336 217
1192 237 1091
452 456 437
217 336 436
1136 1124 1090
217 373 452
1035 247 864
1090 1035 864
247 126 859
247 1035 126
49 717 204
247 859 1036
237 1192 437
1036 1091 864
942 859 170
1091 237 864
247 1036 864
476 32 942
921 1205 126
204 126 1035
246 126 204
336 32 450
246 874 126
452 397 809
1177 1176 268
268 295 16
1039 1094 51
867 1092 576
171 1038 1168
874 295 1176
867 576 1093
1093 1038 867
1125 1177 1092
171 867 1038
820 1041 576
126 874 524
820 576 1094
1039 815 301
278 1043 1040
288 815 1169
894 994 137
1040 1043 815
820 301 1096
820 1096 1041
284 822 1042
284 1041 1096
284 1096 822
1097 1042 822
1042 1097 129
1094 1039 820
194 86 995
284 203 1098
52 921 524
921 126 524
846 1098 203
524 265 1044
170 744 942
744 170 337
1045 52 846
170 1205 337
52 337 1205
760 744 337
846 203 1099
170 859 1205
283 883 1099
283 203 129
129 277 283
195 277 129
846 1044 1098
883 1151 871
264 883 871
1045 883 264
264 871 197
883 283 1151
1151 128 871
337 264 760
519 691 1154
846 1099 1045
1042 203 284
200 942 744
278 1040 928
874 246 295
1005 995 86
128 829 871
217 436 451
336 450 436
345 436 219
451 436 852
94 852 345
94 427 852
345 312 1152
345 852 436
345 219 729
312 345 729
742 436 450
427 451 852
476 200 743
476 450 32
743 200 554
476 743 742
219 742 585
742 219 436
718 219 585
585 742 743
743 97 585
729 219 718
1126 1137 266
476 742 450
476 942 200
683 585 97
684 803 312
1182 347 1147
312 729 719
684 312 719
559 685 347
685 858 347
347 684 559
543 73 684
347 803 684
559 684 73
684 719 543
1152 312 803
718 527 285
527 718 683
683 279 527
1137 1126 279
729 718 719
527 279 1046
543 285 686
543 719 285
543 686 687
686 285 527
1046 686 527
543 687 73
1100 1046 279
285 719 718
585 683 718
686 54 531
294 97 743
1152 94 345
554 760 89
554 200 744
166 1224 745
554 89 294
919 305 1153
919 294 89
305 166 746
166 305 919
919 1224 166
791 266 1187
89 760 197
1153 1187 294
510 166 745
745 197 829
1154 745 829
1154 128 519
760 264 197
745 691 510
746 510 754
746 166 510
754 115 53
154 754 510
510 691 154
305 746 526
154 691 513
1224 197 745
871 829 197
53 746 754
1155 1138 791
1153 791 1187
267 1102 1174
190 1100 1138
801 190 1047
1100 801 1046
514 1164 1190
1102 267 622
1174 514 267
1047 1101 801
305 1155 791
190 801 1100
635 811 526
811 66 1155
526 53 635
651 53 660
66 1138 1155
651 635 53
292 635 506
292 514 635
636 292 506
506 635 651
651 148 506
148 652 506
651 660 148
635 514 811
746 53 526
1101 1047 280
754 154 721
743 554 294
760 554 744
1191 1164 514
896 1210 300
141 25 685
50 534 302
534 50 149
302 534 916
1095 1173 1211
1048 195 1097
928 1040 1095
263 938 90
1157 938 302
1095 263 928
1157 90 938
534 98 916
1211 302 938
1225 76 906
242 172 992
76 1050 906
1225 365 149
901 98 365
98 149 365
889 1103 136
136 365 906
889 136 906
1049 365 136
1050 889 906
149 98 534
429 80 1003
1159 98 901
262 195 90
195 1048 90
1188 487 885
1157 1188 90
814 1161 59
262 90 885
487 569 885
1158 487 913
1188 885 90
1161 569 59
913 65 1158
1162 277 262
473 901 1052
913 1159 473
879 61 1051
1049 1105 365
1105 61 879
349 1052 879
349 1104 1128
349 65 473
697 151 507
879 1051 1104
349 879 1104
1128 1193 65
1051 138 507
473 65 913
901 473 1159
1128 1178 1193
116 853 1103
277 195 262
816 638 139
242 990 991
71 613 538
816 139 613
142 816 1053
816 142 638
899 71 1054
899 1053 71
816 613 71
1103 1053 116
613 139 620
889 142 1053
218 620 595
595 620 139
567 1 597
1 567 595
990 242 992
218 595 567
538 218 591
218 538 620
591 597 135
591 218 567
567 597 591
71 538 614
991 199 985
620 538 613
131 991 985
591 614 538
1106 116 899
1103 853 1049
1054 1106 899
1106 902 1055
688 507 138
1056 138 902
1056 150 688
1107 902 178
853 116 1055
697 507 688
1056 902 1107
853 1055 1051
1107 359 357
614 591 359
947 92 357
135 933 359
591 135 359
359 933 357
581 357 92
1107 581 1056
1227 693 922
92 922 581
933 947 357
581 922 150
990 989 199
359 178 614
178 902 1106
150 549 688
241 988 989
1050 638 142
973 429 993
693 150 922
814 59 1189
1162 1161 814
730 1197 1193
1189 689 1160
513 691 519
896 1160 519
571 147 689
689 147 519
300 814 1160
519 147 513
814 1189 1160
1210 896 1151
1193 99 730
59 1197 1195
787 99 773
730 99 379
571 720 379
720 571 689
571 379 692
379 720 730
379 99 495
147 571 690
99 579 773
720 1189 1195
300 1162 814
99 787 495
513 690 721
513 147 690
721 690 115
115 754 721
660 115 155
660 53 115
438 661 155
661 148 155
155 115 69
155 148 660
115 690 69
154 513 721
69 692 560
692 69 690
560 495 62
495 560 692
571 692 690
69 560 882
438 155 882
882 560 156
774 62 568
774 156 560
62 774 560
1063 156 979
62 495 733
69 882 155
379 495 692
774 586 156
495 787 186
519 128 896
697 549 91
549 697 688
91 549 722
697 91 773
186 733 495
787 521 186
1207 1215 521
521 773 91
722 1207 91
1207 722 185
549 693 722
697 773 579
1229 812 1227
185 722 812
1227 812 693
922 1226 1227
185 935 1207
163 1206 1229
935 1208 341
1207 935 1215
780 60 176
780 341 1208
1208 935 1216
1215 537 186
810 240 987
722 693 812
549 150 693
694 341 780
733 537 731
537 733 186
723 731 112
733 731 568
774 568 747
175 568 723
723 695 175
570 695 723
568 731 723
565 175 695
112 731 537
568 62 733
570 174 695
570 112 694
570 694 696
112 537 341
694 112 341
752 694 176
547 174 696
174 570 696
752 111 696
574 131 985
694 752 696
700 695 174
991 131 242
570 723 112
780 176 694
175 747 568
923 2 986
773 521 787
1178 697 579
111 547 696
989 923 199
928 1048 1097
1004 994 70
661 652 148
141 559 698
559 141 685
698 559 724
836 975 698
230 869 125
1017 869 1015
925 72 232
925 1057 72
925 125 1017
125 925 231
836 72 975
141 698 975
698 234 836
234 698 724
234 499 836
232 836 499
231 232 127
231 925 232
231 127 198
522 608 127
522 127 232
230 125 231
392 608 215
232 72 836
73 724 559
608 198 127
230 198 119
198 230 231
610 546 119
230 119 233
233 575 842
612 233 546
612 546 235
610 611 546
233 119 546
235 546 611
119 198 833
230 233 869
833 392 223
392 833 198
223 391 602
391 223 392
198 608 392
833 223 610
610 386 611
386 610 605
386 605 384
605 610 223
223 602 605
963 959 590
391 601 602
833 610 119
392 215 391
225 611 386
133 234 724
575 233 612
831 609 522
133 724 687
499 226 522
499 522 232
603 601 391
604 603 215
606 215 608
383 606 609
609 606 608
604 215 606
234 133 544
609 608 522
544 226 499
544 133 918
609 831 383
226 970 522
607 383 387
383 607 606
604 376 603
924 958 961
607 584 604
387 584 607
606 607 604
958 960 961
594 924 961
499 234 544
687 531 133
603 376 601
601 600 371
601 376 600
955 956 600
963 371 959
384 605 590
592 384 590
590 605 963
941 573 911
959 941 592
590 959 592
954 955 572
601 371 602
943 941 911
954 911 573
3 909 945
572 945 909
957 572 955
911 909 3
943 953 592
592 941 943
599 592 953
944 596 946
943 911 3
592 599 384
924 945 572
954 909 911
957 958 572
225 386 384
226 544 134
391 215 603
73 687 724
917 384 599
575 615 84
575 612 615
844 976 238
821 435 84
649 502 650
205 649 658
996 995 239
978 821 976
194 977 821
893 658 1005
976 615 557
912 575 84
194 978 86
557 615 235
235 611 557
893 86 251
205 658 893
205 893 1163
88 650 502
502 205 270
502 270 88
205 502 649
508 88 281
634 1005 658
612 235 615
88 508 659
423 160 117
419 420 416
420 160 423
168 416 420
121 416 411
410 74 401
409 109 350
74 325 401
121 411 74
409 350 401
378 423 117
382 117 472
474 382 162
162 664 508
426 168 420
411 168 353
1129 1108 474
416 168 411
402 325 74
401 325 409
409 120 841
325 120 409
402 74 411
409 841 109
426 420 423
382 489 117
162 382 704
109 841 404
238 976 557
648 658 649
238 637 844
971 795 582
844 637 248
248 978 844
281 88 270
915 1163 251
253 281 270
270 205 1163
251 248 252
248 251 86
637 252 248
1130 1140 281
971 582 637
795 225 917
917 390 795
390 917 599
225 972 611
795 390 582
251 81 915
582 87 637
252 637 87
1058 808 474
582 390 87
1058 1108 7
830 57 949
795 972 225
795 971 972
270 915 254
488 378 489
489 382 474
855 426 105
426 423 378
324 841 120
120 325 412
353 168 873
324 404 841
426 873 168
325 402 412
808 489 474
117 489 378
353 412 402
353 873 855
855 873 426
489 808 488
105 426 378
108 412 353
324 414 404
120 845 324
403 324 845
324 413 414
845 412 108
120 412 845
353 855 948
402 411 353
1058 951 808
180 981 548
251 252 81
978 976 844
384 917 225
75 1065 999
933 135 947
233 78 869
1101 1139 54
687 686 531
1047 622 280
617 280 622
134 918 286
286 918 531
289 583 1127
501 617 622
286 1139 1127
501 289 617
622 100 501
134 544 918
93 636 652
213 793 1164
652 661 558
93 652 558
639 100 793
1164 793 1190
793 213 639
213 1191 93
267 514 1190
621 501 100
213 93 293
213 1164 1191
1101 54 801
541 93 558
623 134 583
583 134 286
583 286 1127
624 583 289
967 540 800
618 134 623
224 624 616
623 583 624
289 616 624
329 623 624
501 616 289
618 226 134
304 621 639
616 501 621
304 639 653
653 213 293
213 653 639
782 304 653
580 640 304
304 640 621
541 781 293
293 93 541
293 782 653
314 725 541
541 558 1059
621 640 616
100 639 621
640 224 616
314 541 1059
970 618 969
882 156 1063
102 979 586
926 102 586
586 979 156
381 980 1060
381 123 438
381 850 980
980 850 998
979 850 997
926 586 180
586 747 180
558 661 123
981 565 796
747 586 774
796 565 700
547 700 174
565 695 700
75 700 547
565 981 747
796 700 75
173 245 243
75 547 173
111 173 547
999 796 75
111 245 173
981 180 747
438 123 661
244 75 173
897 1059 1109
926 1064 998
897 1109 563
314 897 1061
1131 1110 1062
563 1060 890
984 211 856
339 980 1064
926 211 516
884 339 516
180 211 926
1110 897 563
548 982 895
180 548 983
131 244 243
172 243 245
244 173 243
242 243 172
548 895 983
895 982 1000
250 244 131
1065 250 1000
243 242 131
895 1001 983
241 990 992
211 180 983
895 1000 212
890 1111 1062
884 984 321
897 314 1059
636 506 652
991 990 199
964 383 227
969 227 970
387 964 806
387 594 584
944 945 594
945 924 594
594 806 944
862 593 806
594 387 806
806 593 944
806 964 862
945 944 946
800 540 862
800 227 969
329 224 393
329 624 224
623 329 540
540 329 385
593 965 826
862 540 385
228 789 393
393 789 385
329 393 385
965 593 862
228 393 619
862 964 800
800 969 967
968 789 950
81 254 915
572 909 954
955 600 957
254 253 270
951 488 808
957 376 958
108 353 948
960 584 961
941 959 956
488 105 378
600 376 957
1108 1140 7
789 228 950
944 593 596
962 593 826
966 826 965
952 962 826
826 388 952
403 413 324
952 596 962
383 964 387
605 602 963
943 3 953
413 4 414
966 968 388
855 105 948
946 3 945
108 403 845
619 393 224
227 383 831
293 781 782
856 518 1002
541 725 781
580 782 55
598 619 580
619 224 580
313 781 725
1062 1111 1141
781 699 782
1110 1131 1061
984 884 516
224 640 580
250 574 511
250 131 574
988 923 989
985 199 810
989 990 241
511 574 177
856 1002 984
856 983 1066
701 512 269
212 512 701
250 511 512
63 518 1066
985 810 574
983 1001 1066
304 782 580
511 177 512
955 954 573
598 580 55
55 782 699
956 955 573
600 956 371
313 725 755
958 376 960
1141 48 1062
1061 725 314
572 958 924
781 313 699
941 956 573
376 604 960
748 518 63
701 269 63
199 923 986
1002 321 984
810 199 240
594 961 584
269 512 177
371 963 602
240 199 986
574 987 177
596 593 962
923 988 2
604 584 960
810 987 574
371 956 959
212 1001 895
619 598 228
250 512 212
244 1065 75
211 983 856
918 133 531
747 175 565
981 982 548
516 211 984
1150 809 1186
381 438 997
890 980 339
429 1003 993
1165 80 931
930 1004 70
137 1004 936
893 1005 86
634 239 1005
1067 1007 282
827 1006 282
817 34 1007
1006 1008 256
827 272 1008
1009 33 669
257 18 1068
255 1010 202
271 1010 838
458 457 1011
1011 1170 1071
459 1073 1012
1012 1073 1115
1074 837 367
898 463 1013
1014 96 482
920 85 1022
1018 1015 78
880 140 1015
47 352 1016
974 1016 352
894 137 1057
1017 125 869
78 842 1018
1076 1018 842
860 1019 184
1019 467 1077
124 1020 469
1118 1117 861
355 1021 445
799 849 1021
1075 1022 477
920 1022 1014
1080 823 192
260 861 1023
866 1024 274
192 823 1024
258 1025 130
1134 1119 275
259 276 1026
840 192 1082
819 369 1083
542 1027 208
819 775 1029
1084 881 369
364 389 1167
813 291 1085
1121 790 103
1088 535 908
887 11 1031
1086 908 535
1185 114 1149
877 1033 145
887 1033 363
350 109 1089
106 421 1034
1090 864 237
204 1035 1124
859 942 1036
1172 942 32
265 524 1038
867 1125 1092
171 1168 874
1039 51 1169
301 820 1039
1095 1211 938
1095 938 263
284 265 1041
1093 265 1038
1097 822 278
203 1042 129
1043 301 815
278 822 1043
52 524 1044
846 52 1044
264 337 1045
337 52 1045
686 1046 54
801 54 1046
1102 1047 190
1047 1102 622
928 263 1048
90 1048 263
1105 879 1052
853 61 1049
638 1050 76
142 889 1050
1051 61 853
1104 507 151
473 1052 349
1105 901 365
71 1053 816
116 1053 899
71 614 1054
614 178 1054
902 138 1055
1051 1055 138
150 1056 581
688 138 1056
137 792 1057
1017 1057 925
1108 1058 474
7 951 1058
558 123 1059
123 1060 1109
381 1060 123
980 890 1060
563 1062 1110
755 725 1061
563 890 1062
890 339 1111
979 997 1063
438 1063 997
339 1064 516
980 998 1064
1065 982 999
250 1065 244
1001 701 1066
63 1066 701
1112 1067 282
561 287 1067
257 1068 1209
1209 1008 272
257 1069 1009
272 202 1069
271 1070 1010
33 1113 707
1170 1011 457
478 346 1071
1114 1072 346
459 1012 1072
326 1073 459
463 374 1115
1116 1074 367
898 1013 1074
1022 1075 1014
477 367 1075
144 1076 842
939 143 1076
467 485 1077
485 361 1077
1117 1078 1020
1078 1117 1118
430 1079 85
445 1021 1079
840 1119 192
260 1023 1080
1081 58 1171
274 1024 1081
866 1082 1024
1026 840 1082
408 1083 369
208 1083 351
56 1084 1029
881 1084 1028
1120 1085 291
193 1030 1085
1121 1086 1030
1032 908 1086
11 1087 1031
1122 1087 797
908 1033 1088
887 1088 1033
437 1123 237
1135 1034 863
1123 1090 237
1090 1123 1136
1036 1172 1091
1172 32 1192
1125 867 171
51 1092 1037
576 1041 1093
265 1093 1041
576 1092 1094
51 1094 1092
815 288 1173
1211 1173 1156
301 1043 1096
1096 1043 822
1097 278 928
195 129 1097
1044 265 1098
284 1098 265
283 1099 203
883 1045 1099
279 1126 1100
1100 1126 1138
1127 1101 280
1101 1127 1139
1138 1102 190
1174 1102 66
136 1103 1049
1053 1103 889
507 1104 1051
1128 1104 151
1105 1052 901
1049 61 1105
178 1106 1054
1055 116 1106
359 1107 178
581 1107 357
474 162 1129
1140 1130 7
123 1109 1059
1060 563 1109
1131 1062 48
1061 897 1110
339 884 1111
884 1132 1141
1006 1112 282
561 1112 27
1070 857 1113
311 1113 857
181 1114 346
1114 480 1133
463 1115 1073
374 187 1115
15 1116 367
898 1116 470
124 1117 1020
861 1117 447
861 260 1118
260 772 1175
840 1025 1119
275 1119 1025
1120 291 1122
1120 79 528
790 1121 1030
875 1121 103
355 432 1122
1120 1122 432
1150 1136 456
204 1124 49
1035 1090 1124
1176 1125 171
1092 1177 1037
279 683 1137
1126 266 1138
280 617 1127
289 1127 617
1178 1128 151
65 349 1128
162 508 1129
281 1129 508
48 755 1131
281 253 1130
1061 1131 755
480 20 1133
884 321 1132
20 459 1133
772 1134 275
260 1080 1134
350 1089 1135
106 1135 1089
456 1136 1123
824 49 1136
683 97 1137
1137 97 1187
791 1138 266
1102 1138 66
286 531 1139
531 54 1139
1108 1129 1140
281 1140 1129
884 1141 1111
1132 48 1141
1142 736 1179
907 1179 26
481 1143 734
907 26 1143
937 870 1144
368 1180 870
101 1145 934
380 1146 870
903 1145 1146
1145 870 1146
493 914 1147
914 1152 1182
904 1148 274
64 1148 455
805 1149 152
1184 798 13
824 1150 222
456 809 1150
1210 283 277
128 1151 896
1182 803 347
914 94 1152
919 1153 294
305 791 1153
745 1154 691
829 128 1154
305 526 1155
811 1155 526
1040 1173 1095
815 1173 1040
302 916 1157
1157 916 1159
65 569 1158
569 487 1158
913 487 1188
98 1159 916
519 1160 689
896 300 1160
262 885 1161
569 1161 885
1162 300 1210
1161 1162 262
251 1163 893
270 1163 915
100 1190 793
1191 514 292
930 1003 1165
80 1165 1003
143 939 1166
454 1166 939
437 1192 336
1196 1029 775
1038 524 1168
524 874 1168
1039 1169 815
457 478 1170
478 1071 1170
447 1171 58
299 1171 431
942 1172 1036
1192 32 336
1211 50 302
288 1156 1173
66 811 1174
514 1174 811
260 1175 1118
191 860 1175
874 1176 171
268 1176 295
1176 1177 1125
268 1037 1177
697 1178 151
1178 579 1193
1232 1179 907
737 1179 736
870 1180 1144
1212 932 23
1181 25 1165
493 1147 1181
914 1182 1147
1152 803 1182
1148 848 1183
750 1183 848
1184 13 1194
152 1149 1184
805 1185 1149
1121 1185 1032
1186 397 406
222 1150 1186
1137 1187 266
97 294 1187
1157 1159 1188
913 1188 1159
1195 1189 59
689 1189 720
100 622 1190
267 1190 622
292 636 1191
93 1191 636
1193 579 99
1091 1172 1192
569 65 1193
13 360 1194
164 1194 360
1197 59 569
730 720 1195
364 1167 1196
56 1196 1167
1193 1197 569
730 1195 1197
1213 857 271
555 1198 221
183 1199 354
490 483 1199
1228 1200 675
900 1214 322
182 1201 891
878 23 1201
104 214 1202
276 1202 214
1203 165 1223
1203 892 363
905 1204 152
165 877 1204
126 1205 859
1205 921 52
1206 60 1216
60 1208 1216
935 341 1215
1207 521 91
935 185 1216
60 780 1208
283 1210 1151
256 1209 1068
1162 1210 277
1156 50 1211
465 1180 1212
932 1212 1180
566 1213 271
221 1198 1213
1200 44 1214
779 1214 44
537 1215 341
521 1215 186
1229 185 812
1216 185 1229
847 1217 23
484 1217 318
308 1218 779
778 322 1218
878 28 1219
674 1219 28
767 1220 30
515 319 1220
931 1221 493
491 802 1221
485 19 1222
1142 1179 1232
165 872 1223
169 1223 872
919 89 1224
197 1224 89
365 1225 906
922 92 1226
1226 163 1227
1227 163 1229
1216 1229 1206
675 492 1228
319 1230 1220
427 1230 834
468 479 1231
189 1231 479
181 478 1233
21 1233 478
130
1 595
2 988
3 946
413 4
5 399
0 394
1130 7
8 785
9 468
10 768
16 681
19 229
18 668
21 457
27 1006
22 738
35 705
37 395
38 665
44 1228
50 1156
1132 48
51 1037
699 55
56 1167
57 439
60 1206
269 63
76 1225
252 81
390 87
92 947
488 105
106 1089
948 108
109 404
111 752
139 638
149 50
157 167
158 1028
163 1226
167 5
172 245
176 60
987 177
135 597
228 598
229 771
240 986
241 992
245 111
87 252
254 253
81 254
256 1068
269 177
268 16
273 949
288 1169
307 727
755 313
748 321
308 779
950 388
389 680
599 390
394 38
395 0
399 158
108 403
404 414
403 413
414 4
439 157
457 9
468 1222
475 106
951 488
492 22
595 139
596 952
597 1
598 55
953 599
638 76
665 27
705 37
727 35
736 1142
738 307
63 748
752 176
668 736
768 273
771 10
680 8
681 308
779 44
313 699
48 755
785 475
946 596
947 135
948 105
949 57
950 228
951 7
952 388
953 3
986 2
987 240
988 241
992 172
1006 256
1028 56
1037 268
1089 109
1130 253
1132 321
1169 51
1167 389
1068 18
1156 288
1225 149
1226 92
1228 492
1206 163
1222 19
1142 21
