1546
0.0 0.0
1.0 0.0
1.0 0.5
0.5 0.5
0.5 1.0
0.0 1.0
0.375 0.875
0.5 0.75
0.25 1.0
0.0 0.5
0.0 0.75
0.25 0.625
0.1875 0.8125
0.3541666666666667 0.7291666666666666
0.38888888888888884 0.5902777777777777
0.12313964273867245 0.5662207145226551
0.5 0.0
0.24216437302014998 0.49286086019400754
0.0 0.25
0.0 0.625
0.11901441392723312 0.4262902080702764
0.0 0.375
0.25 0.0
0.23490100152126045 0.35910374820315394
0.12118862852696956 0.29650366337931544
0.39838786643312574 0.37134262757616526
0.04553363052158821 0.3125
0.0 0.125
0.2101064310969517 0.2695641290249454
0.12908516093114525 0.1623545461112914
0.3225275805033182 0.2866361578144809
0.28680553017533794 0.14318100239105327
0.5038029264152828 0.2006142152994981
0.07846461556004394 0.22668179509213213
0.0598360008708609 0.15994168121117563
0.125 0.0
0.0972208784370992 0.08192764595831431
0.0625 0.0
0.0 0.0625
0.03125 0.03125
0.07448986748361325 0.04323986748361325
0.045836153005969486 0.08609705634678722
0.1875 0.06686515177071335
0.20692314156990577 0.144359188334713
0.375 0.0
0.38951230674242077 0.19378097271361072
0.3730908473436518 0.09757687847568827
0.3569248978245137 0.4792173085244496
0.75 0.5
0.47652652016463637 0.10078812561271083
0.75 0.0
0.625 0.0
0.598719590889228 0.12103971944251551
0.6761566780855413 0.3098025467072299
0.5420871816488495 0.36230527972928606
0.625 0.5
0.125 1.0
0.0 0.875
0.1214275131558205 0.6982174605325385
0.7585455389015542 0.16573865707239388
1.0 0.25
0.875 0.07664459338171421
0.8436348931805022 0.309991178373379
0.875 0.5
0.7598957856330217 0.30989686254030446
0.4375 0.8125
0.28125 0.84375
0.7130783390427706 0.4049012733536149
0.7968174465902511 0.4049955891866895
0.9375 0.038322296690857106
0.8593174465902511 0.19331788587754659
0.3125 0.9375
0.4375 0.9375
0.9375 0.1633222966908571
0.9218174465902511 0.4049955891866895
0.9218174465902511 0.2799955891866895
0.875 0.0
1.0 0.125
1.0 0.375
0.2265625 0.9140625
0.375 1.0
0.5 0.875
0.27083333333333337 0.7708333333333333
0.674359795444614 0.06051985972125776
0.09375 0.78125
0.30208333333333337 0.6770833333333333
0.7542727694507771 0.08286932853619694
0.45109539642420426 0.2859784214378317
0.21875 0.71875
0.5229450540320661 0.28145974751439207
0.589979802250412 0.255208381003364
0.0625 0.9375
0.15625 0.90625
0.4444444444444444 0.5451388888888888
0.678632564895391 0.1433891882574547
0.6374381344873846 0.2154211330748727
0.4444444444444444 0.6701388888888888
0.09375 0.84375
0.5 0.625
0.5729790096944427 0.1867319569860821
0.0 0.8125
0.43103757060844705 0.47188064245825956
0.49153596365898233 0.42213346424122855
0.5714840222669999 0.43841430403905135
0.6241198496327259 0.3743521776099016
0.549359795444614 0.06051985972125776
0.30466655533932807 0.2149085801027671
0.7592206622672879 0.23781775980634917
0.1769577077242468 0.39269697813671517
0.06071375657791025 0.6616087302662692
0.3776563821288197 0.42527996805030743
0.061569821369336225 0.5956103572613276
0.05950720696361656 0.4631451040351382
0.29954463542233184 0.4860390843592286
0.061569821369336225 0.5331103572613276
0.3194444444444444 0.6076388888888888
0.2385326872707052 0.42598230419858074
0.18058939347369155 0.45957553413214197
0.12228357794724648 0.6322190875275968
0.18656982136933623 0.5956103572613276
0.18265200787941122 0.5295407873583313
0.12107702833295278 0.49625546129646575
0.3166444339771931 0.3652231878896596
0.3155266309545194 0.5415693189858926
0.246082186510075 0.5589304300970037
0.29591294967288706 0.4191605283638018
0.1790601111436474 0.6659602743595086
0.8146363847253886 0.07975696095895557
0.9609087232951256 0.4524977945933447
0.8827261698853767 0.35749338378003426
0.8671587232951256 0.1349812396296304
0.424741631428665 0.32866052450699845
0.8146363847253886 0.04143466426809847
0.16959579601404848 0.21595933756811841
0.20851478633342874 0.2069616586798292
0.38681148846376123 0.28630728962615626
0.4409722222222222 0.7413194444444444
0.328125 0.859375
0.31770833333333337 0.7864583333333333
0.6690391695213853 0.45245063667680746
0.8359087232951256 0.4524977945933447
0.8984087232951256 0.4524977945933447
0.8593174465902511 0.4049955891866895
0.3993055555555556 0.6996527777777777
0.4257632600823182 0.050394062806355416
0.8167727694507771 0.12119162522705404
0.39583333333333337 0.7708333333333333
0.3740454236718259 0.048788439237844136
0.36458333333333337 0.8020833333333333
0.32994818875949483 0.12037894043337077
0.26840276508766897 0.07159050119552664
0.3115454236718259 0.048788439237844136
0.18093610170320656 0.176341367920725
0.1639982689683294 0.13602963253314418
0.12315655886537745 0.11817780019963477
0.3289820966394061 0.17076612599799149
0.291015625 0.892578125
0.4556152755625366 0.3772002645621257
0.14275372831759298 0.07675363093641925
0.37128454949131545 0.146374352148723
0.47545234826605554 0.33049447557162936
0.42404146213587646 0.12389504545868565
0.39566870210727967 0.6448156130268198
0.9442855046668037 0.34666990161008493
0.9375 0.5
1.0 0.4375
0.9663347593770288 0.40819660107338995
0.8125 0.5
0.4433315580651225 0.611200125302719
1.0 0.3125
0.9375 0.1008222966908571
0.96875 0.08166114834542855
0.4203038515833125 0.2398796970757212
0.5376230555269321 0.11091392252761317
0.046875 0.765625
0.14907316812560817 0.3446003207580153
0.203125 0.765625
0.96875 0.20666114834542854
0.6580353496913878 0.1794051606661637
0.9296587232951256 0.2216589429387733
0.8905674465902511 0.23665673753211802
0.7189266135813395 0.19060347403190192
0.07723187828895513 0.7214293651331346
0.178044815024115 0.3278037057912347
0.26631700580013495 0.2781001434197131
0.7176886701764146 0.27381015325678953
0.656797406286463 0.2626118398910513
0.08336112952427888 0.3045018316896577
0.5247527649295396 0.14376004129939646
0.8014277777238951 0.2739044690898641
0.4466576165788518 0.1971975940065544
0.022766815260794104 0.34375
0.607049825941569 0.31478027930663277
0.2225037163091061 0.3143339386140497
0.030356878288955124 0.7058043651331346
0.8092690544287695 0.21556782284194786
0.23828125 0.95703125
0.15446375657791026 0.7553587302662692
0.05950720696361656 0.4006451040351382
0.8514761698853767 0.2516545321254628
0.12010152122710134 0.3613969357247959
0.17578125 0.95703125
0.6983293983773362 0.22661944644061094
0.08227402222441066 0.3693951040351382
0.0 0.6875
0.0 0.3125
1.0 0.1875
1.0 0.0625
0.5641480965224215 0.14025196826844616
0.09470983003532828 0.2647236951274888
0.6357293291473565 0.14275087678728207
0.057493823700895466 0.2756139303963078
0.12497044789977634 0.22931177295918068
0.6393117393713765 0.09424440669943676
0.6165153389678562 0.179557903320032
0.2687372573099681 0.3256327106241425
0.15995402853159 0.2649831570499797
0.34375 0.90625
0.46875 0.78125
0.4628816300411591 0.025197031403177708
0.02975360348180828 0.4190725520175691
0.140625 0.828125
0.046875 0.859375
0.030784910684668113 0.5165551786306638
0.40625 0.84375
0.5982420111335 0.4692071520195257
0.15625 0.033432575885356676
0.7315391695213853 0.45245063667680746
0.030784910684668113 0.5790551786306638
0.40068467113447903 0.5121780987066692
0.8202261698853767 0.35749338378003426
0.7734087232951256 0.4524977945933447
0.5357420111335 0.4692071520195257
0.171875 0.859375
0.02991800043543045 0.20497084060558782
0.712179897722307 0.03025992986062888
0.524679897722307 0.03025992986062888
0.234375 0.828125
0.21875 0.033432575885356676
0.6946175085641559 0.35735191003042244
0.109375 0.921875
0.078125 0.890625
0.125 0.875
0.37290689335670124 0.5347475431511136
0.20703125 0.86328125
0.7364870623378962 0.3573990679469597
0.7783566161116364 0.35744622586349695
0.7549478928165109 0.40494843127015223
0.587179897722307 0.03025992986062888
0.09375 0.96875
0.03125 0.90625
0.46875 0.96875
0.03125 0.96875
0.40625 0.90625
0.375 0.9375
0.4375 0.875
0.46875 0.84375
0.34375 0.96875
0.40625 0.96875
0.46875 0.90625
0.5625 0.5
0.0 0.5625
0.4375 0.0
0.0 0.4375
0.0 0.1875
0.6875 0.0
0.5625 0.0
0.029753603481808305 0.4815725520175691
0.4073881080524777 0.5488072219219838
0.06058906551836875 0.4981262403663882
0.09137670407466342 0.5147689357808796
0.12226011728012591 0.5312336132996947
0.15196083726746615 0.512719942194678
0.18187388519787354 0.49455069672535673
0.2115214853125269 0.4759506958258331
0.5069883349810479 0.06988349534479515
0.6192049175056146 0.42396872705597544
0.1875 0.0
0.0 0.9375
0.0625 1.0
0.3125 1.0
0.4375 1.0
0.5 0.8125
0.5 0.9375
0.34375 1.0
0.1989050555718237 0.6923551371797543
0.7185890518984726 0.1545639226649243
0.4166358288456782 0.4012401163062166
0.3107638888888889 0.642361111111111
0.40434697636863337 0.4485803052542835
0.3506944444444445 0.6883680555555555
0.6764961801700025 0.10195452398935623
0.4857051907541957 0.17047881765297543
0.96875 0.019161148345428553
0.7143162824476956 0.07169459412872735
0.5649974399868176 0.2981200134105124
0.2854917805697315 0.2465043617612401
0.24479166666666669 0.7447916666666666
0.5325161178404578 0.32188251362183906
0.5745685037952093 0.3385427795179594
0.23741589606678185 0.24253090104977115
0.5564624281412391 0.26833406425887807
0.3546695344835397 0.2864717237203186
0.295736042757333 0.1790447912469102
0.212890625 0.978515625
0.3125 0.75
0.150390625 0.978515625
0.5567856019579247 0.4003597918841687
0.24686433587262185 0.14377009536288315
0.90625 0.019161148345428553
0.2760416666666667 0.6510416666666666
0.3925996774484435 0.3288249586011608
0.46159206837174405 0.14899285980963262
0.44332642308549186 0.42454045351019265
0.8448181923626943 0.020717332134049235
0.328125 0.703125
0.5468913643328475 0.22791129815143107
0.7564091541761657 0.12430399280429541
0.47744916141974353 0.2432963183686649
0.6470195847606927 0.47622531833840376
0.34327271183591296 0.024394219618922068
0.7823181923626943 0.020717332134049235
0.23766295332878737 0.10797484476511982
0.28077271183591296 0.024394219618922068
0.7095195847606927 0.47622531833840376
0.3488760177203065 0.6609494731800765
0.3575161502051594 0.3682829077329124
0.5133739902236745 0.24103698140694507
0.234375 0.671875
0.24766015825438334 0.17507133053544124
0.35172796122047717 0.3257652387579079
0.388161897603091 0.2400441311698835
0.3470894310408744 0.2043447764081889
0.4722222222222222 0.6475694444444444
0.7164526671730841 0.11312925839682582
0.28645833333333337 0.7239583333333333
0.2604166666666667 0.6979166666666666
0.4722222222222222 0.5850694444444444
0.4722222222222222 0.5225694444444444
0.25659067083637843 0.21093511939129816
0.4722222222222222 0.7100694444444444
0.34573902190154465 0.25060793486446165
0.9375 0.0
0.5 0.6875
0.3125 0.0
0.6875 0.5
0.1875 1.0
0.8125 0.0
0.5 0.5625
0.37911010628303937 0.6727139104721387
0.14124820106907895 0.9419652035361842
0.18070739268589756 0.726694656812611
0.4925241909816387 0.13855229523538926
0.9052509094580276 0.05585402393511829
0.43774100752644574 0.5085097656735742
0.16563172496308506 0.6967140192973006
0.4665388015868139 0.48719572588462556
0.1425384009566246 0.6683219237565995
0.4957155959259205 0.461072426430593
0.15875268954725053 0.635491986031827
0.1436021698967901 0.5994908724399195
0.1966145184883953 0.6322583898776017
0.33436767219758395 0.40298820534367447
0.32974747230213475 0.445807431271169
0.06915030821545243 0.19331173815165387
0.207745197497476 0.409339641167648
0.17877355059896916 0.42613625613442857
0.08926081044542485 0.4447176560527073
0.6416032520135551 0.3122914130069313
0.2708545042212409 0.4894499722766181
0.5740396931669209 0.09077978958188664
0.06114178897362324 0.6286095437637984
0.09192669965829135 0.6139147223944622
0.09149866726257837 0.646913908896933
0.1158478174334327 0.738394047699702
0.9135058372760902 0.3520816426950596
0.2847222222222222 0.6163194444444444
0.21436709719474312 0.5442356087276675
0.18461091462437373 0.5625755723098295
0.2163260039397056 0.5772703936791657
0.23671684439598284 0.39254302620086734
0.8632380849426884 0.1641495627535885
0.14980190370046234 0.44293287110120916
0.09446058090100307 0.16114811366123352
0.0234375 0.7890625
0.0234375 0.8359375
0.9721427523334019 0.32958495080504246
0.275390625 0.947265625
0.05283607693841519 0.12301936877898142
0.516811572653916 0.3922193719852573
0.07852843965398004 0.12093466358474497
0.26722281847179613 0.42257141628119127
0.26903866134651855 0.45601069427890467
0.1037748882455946 0.19451817060171178
0.12410687828895513 0.7683043651331346
0.28125 0.96875
0.6501382638591335 0.34207736215856577
0.649679897722307 0.03025992986062888
0.659368679098441 0.365852043820162
0.12004572113009296 0.4612728346833711
0.9375 0.1320722966908571
0.9023293616475627 0.11790176816024375
0.2757727177492268 0.36216346804640676
0.0703125 0.7734375
0.8342932505095103 0.20444285435974724
0.2490234375 0.8779296875
0.8631805315329395 0.3337422810767066
0.2788455019873347 0.5172150895899501
0.3522077599217041 0.5659235483818351
0.8380451080205141 0.1572547555523003
0.2441232797651125 0.5258956451455057
0.24804109325503748 0.5919652150485019
0.4988512286056931 0.3697527721457059
0.7876591541761657 0.14346514114972397
0.9023293616475627 0.14915176816024375
0.26540697559707377 0.38913213828347787
0.8984087232951256 0.17832009128420184
0.5929497443057675 0.07564982465157219
0.0703125 0.8203125
0.6307698465834606 0.04538989479094332
0.9330514756285274 0.3133327453983872
0.35416666666666663 0.5989583333333333
0.6216623835691703 0.3991604523329385
0.6132458185468418 0.06225216828003282
0.7839072966651619 0.19065323995717087
0.9609087232951256 0.2649977945933447
0.2808044087322972 0.5502498745414481
0.3174855376994819 0.5746041039373907
0.2827633154772597 0.5832846594929463
0.8827261698853767 0.29499338378003426
0.9609087232951256 0.2962477945933447
0.9022718082378138 0.31874448648336184
0.6661416282741925 0.4144350002047952
0.6685990943377482 0.38962672548175825
0.046875 0.8125
0.8130209119397733 0.16837972403450097
0.06629144554489882 0.7464381633653036
0.2597133091517857 0.9630824497767857
0.6370601557410289 0.06946407833584989
0.6151957899052141 0.08727823754795888
0.58892139238818 0.3833913310951449
0.08885347902145421 0.7568770629356374
0.24375594545283627 0.9786205376037719
0.5966546815940038 0.4092090849341659
0.21875 1.0
0.29462214106243095 0.38488491292133986
0.8316245801366631 0.23214687225577837
0.8514761698853767 0.36329217851895074
0.03695876182888998 0.7361722747779602
0.8564420710133966 0.2205569468108444
0.8049978653456776 0.244689026951445
0.8825018141347193 0.20953653885908446
0.09031604057064996 0.4796557971881903
0.029514339707516078 0.6447016734245975
0.08955256143507484 0.6824307446086157
0.1524373484046732 0.7926724147218683
0.15294633479610828 0.547877755813537
0.2144612885937775 0.5110790785367726
0.9709182132165823 0.1476972966908571
1.0 0.28125
0.9335834156563388 0.37603765784665305
0.6218450766887881 0.2790852114417481
0.8305779473191172 0.3888104459600255
0.12028288378885289 0.8014027978919469
0.9651675302417332 0.1164472966908571
0.9667286453095867 0.37148243378798745
0.5301175274600093 0.4290973345296374
0.8905674465902511 0.4049955891866895
0.9101130849426884 0.42874669189001713
0.8788630849426884 0.42874669189001713
0.8671587232951256 0.4524977945933447
0.014959000217715224 0.2274854203027939
0.140625 0.016716287942678338
0.028746911850447733 0.29405696519815394
0.5142778456724112 0.17218712829944727
0.4003816300411591 0.025197031403177708
0.8458863847253886 0.09891810930438413
0.4166666666666667 0.7916666666666666
0.375 0.75
0.5488658873119912 0.1652459991427393
0.3735681355077388 0.0731826588567662
0.24357638254383449 0.05251153854044166
0.49919870114906084 0.3059771115430107
0.1689994217778525 0.2963934314206072
0.14852961447567406 0.3770469569307555
0.1775012613741809 0.36025034196397493
0.696922674130978 0.2918063499820097
0.2899740943797474 0.06018947021668539
0.8225313354521986 0.29194782373162154
0.02991800043543045 0.17372084060558782
0.7595582239501548 0.2738573111733268
0.20647290827268772 0.34345372699719434
0.14798606082573995 0.40949359310349576
0.20592935462275364 0.3759003631699346
0.35151951805157333 0.10897790945452952
0.02991800043543045 0.14247084060558782
0.1495018641587965 0.05509310341088797
0.3083768594674164 0.13177997141221204
0.25303285920822816 0.08978267298032322
0.201171875 0.935546875
0.3697916666666667 0.8385416666666666
0.359375 0.765625
0.4201388888888889 0.720486111111111
0.4184027777777778 0.7560763888888888
0.3975694444444445 0.7352430555555555
0.061569821369336225 0.5643603572613276
0.09974493374180662 0.021619933741806624
0.5383909680548628 0.1936730861427901
0.4502839911502564 0.11234158553569824
0.09235473205400434 0.5809155358919913
0.6052085720909137 0.2010765450304774
0.2282064766643937 0.07070371032523824
0.11955796757716723 0.39384357189753616
0.4870202252281352 0.2837190844761119
0.09235473205400434 0.5496655358919913
0.04370591206816296 0.24029238550094784
0.7806617816784585 0.2919006658150843
0.7387922279047181 0.291853507898547
0.46970407510289774 0.06299257850794426
0.2926908456435806 0.345427949256901
0.10862179790060311 0.05999674921001625
0.3985661547397641 0.11073596196718696
0.23697916666666669 0.7682291666666666
0.7332263335865421 0.05656462919841291
0.2125814766643937 0.08741999826791658
0.17574913448416468 0.10144739215192877
0.7472490450425007 0.025488630997339057
0.399427053712985 0.07398547064102184
0.6137089683688983 0.23531475703911836
0.5814794059724273 0.22097016899472305
0.33622576438951657 0.510393313755171
0.2760416666666667 0.8072916666666666
0.2994791666666667 0.8151041666666666
0.3463541666666667 0.8307291666666666
0.34114583333333337 0.7942708333333333
0.3229166666666667 0.8229166666666666
0.8319305315329395 0.3337422810767066
0.21875 0.796875
0.19140625 0.91015625
0.27760414763150343 0.10738575179328996
0.748191423985459 0.33364796524363205
0.19721157078495288 0.10561217005271317
0.29563241890664316 0.3061344342193117
0.028746911850447733 0.26280696519815394
0.41808496166063625 0.19548928336008256
0.3423181355077388 0.0731826588567662
0.31958600724025565 0.3259296728520702
0.7682954809067357 0.05179333033512309
0.7900609777591991 0.33369512316016936
0.7063218702117187 0.3336008073270948
0.4353495393573641 0.16054631973262
0.45114489012347725 0.07559109420953312
0.11536993374180662 0.03833622168448496
0.2526041666666667 0.7994791666666666
0.4067768844391486 0.1588380090861482
0.29917547692358193 0.0959847208144487
0.3207468062156604 0.08458368983560746
0.4249023611090973 0.08714455413252054
0.801765339406762 0.3099440204568417
0.7180262318592815 0.30984970462376715
0.0 0.21875
0.18268440391196286 0.12309152235253956
0.15625 0.0
0.1651346862270984 0.0718447869272931
0.2689477765682166 0.046514150133976404
0.3294651426994505 0.14557253321568114
0.4489626049625818 0.05240706099569733
0.3721876984174836 0.12197561531220563
0.17163612133129186 0.05010740208222025
0.25088288547522625 0.026756663928673437
0.3074737105412482 0.15617870824872943
0.4391984021803436 0.03024719284377217
0.3506074399001386 0.13335975174362352
0.3933098129623808 0.13497356007446104
0.18142300567438246 0.025640972009727432
0.6885406624641646 0.26115511440628514
0.44321469907407407 0.7693865740740741
0.8500245686180853 0.2811547290238739
0.9408764346743409 0.42914717393365304
0.9296587232951256 0.4590388191483605
0.09093110739239889 0.4095918789851589
0.90625 0.5
0.9257380849426884 0.2508272660627314
0.9648293616475627 0.23582947146938663
0.9061924465902511 0.2583261633594037
0.8866468082378138 0.26582506065607614
0.8448181923626943 0.07820077717033488
0.5156836732230754 0.3458176428837725
0.6987795892383653 0.16699633114467832
0.1890552911737386 0.21146049812397383
0.2223278058717164 0.6121118024630519
0.13513089832628886 0.32055199206866536
0.18503022981427086 0.2672736430374626
0.10118777172575599 0.36539601987996706
0.06444738002293354 0.30850091584482886
0.4270015709978312 0.3742714460691455
0.22330725924419764 0.6286291949388009
0.47357561961075945 0.3996668644016771
0.3156154012356381 0.2485561483128509
0.5993441767139676 0.3564474785639305
0.14246223821568316 0.24714746500458018
0.9213754547290138 0.0783381603129877
0.4971919864126024 0.04662625418428657
0.36758626616698953 0.3967814378916099
0.7384546662218512 0.25581395653156935
0.10227487902562421 0.3005027475344866
0.6471177703869238 0.239016486482962
0.034150222891191157 0.328125
0.20771896395166725 0.17566042350727112
0.4937807638817331 0.027728480631903293
0.5070747878457842 0.105851024070162
0.45009698984736024 0.3295775000393139
0.8332433353071214 0.42065412027668514
0.2163050737030289 0.29194903381949755
0.24441036105462052 0.2962170410168814
0.8146363847253886 0.06059581261352702
0.030149625196092093 0.6118784260276307
0.3722723599137931 0.6528825431034482
0.6076174649285421 0.15029881138127377
0.8157045770880829 0.1004742930930048
0.20963334140500145 0.4426451684967405
0.4057765599462131 0.30748390706657736
0.011383407630397052 0.359375
0.42591627624846107 0.5469730554054364
0.14073977119825887 0.7175540334985013
0.12733192928345913 0.26485342608873425
0.16477491227281924 0.24047124730904906
0.22502708629161605 0.45096650001220695
0.6155848377871475 0.3445662284582672
0.11643002458836993 0.1784363583565016
0.7865909618134714 0.12274780901567472
0.7553409618134714 0.10358666067024618
0.20931060871519022 0.2382628938523873
0.8901254547290138 0.06624930865841624
0.44388800125478345 0.640669507095804
0.4695210095057062 0.4428064399703928
0.5903317177451388 0.1599049357942391
0.9492043616475627 0.47624889729667236
0.4549326123361529 0.4558680896974091
0.3981384984706833 0.5695424998498808
0.02975360348180828 0.3878225520175691
0.4035576700235369 0.26309349335093873
0.4401784534956008 0.3529303945345621
0.12064507487703545 0.3289502995520557
0.43791851392643466 0.3073194729724151
0.448876506501528 0.24158800772219305
0.46205338899929765 0.22024695618760964
0.7844545770880829 0.08131314474757625
0.8554543616475627 0.47624889729667236
0.39227879549808425 0.6175466954022988
0.15088137048396424 0.47782640664794357
0.4025158237515562 0.48037920198047634
0.3788047844794964 0.4956977036155594
0.7002891695213853 0.45245063667680746
0.022918076502984743 0.10554852817339361
0.37491768438697315 0.6218869731800765
0.44388800125478345 0.578169507095804
0.3806359370965735 0.4638988068893666
0.678182374034362 0.2030123035533873
0.7086280059793378 0.20861146023625643
0.6884809816363636 0.1850043173490328
0.7617043616475627 0.47624889729667236
0.7851130849426884 0.42874669189001713
0.022918076502984743 0.07429852817339361
0.722308754282078 0.42867595501521116
0.7287750303223121 0.23221860312348006
0.6678837664323605 0.22102028975774182
0.3515213421934866 0.6299539032567049
0.691058754282078 0.42867595501521116
0.7715639794662249 0.21423549988176002
0.13668534212982153 0.2052387540849151
0.7514169551232507 0.1906283569945364
0.875034550910361 0.03828567803458376
0.1898511135555001 0.24276173329653192
0.8448181923626943 0.05903962882490634
0.42005657327586204 0.6574772509578544
0.8599090961813471 0.048680962757881724
0.2509765625 0.9306640625
0.14934047847259685 0.1891569418397049
0.283203125 0.919921875
0.05252041874260238 0.3565725520175691
0.04113701111220533 0.3721975520175691
0.06390382637299943 0.3409475520175691
0.08281757587434477 0.33694846786239796
0.1017313253756901 0.3329493837072268
0.8163630849426884 0.42874669189001713
0.4356996240037584 0.26292905925677645
0.2587890625 0.9033203125
0.9804543616475627 0.47624889729667236
0.4195001300862011 0.6280078691647695
0.41611022347700566 0.6007389515402484
0.7390736379243137 0.21421061691912555
0.7855227694507771 0.10203047688162549
0.4253598330588001 0.5800036736123515
0.41895344244398275 0.286142855531994
0.7929543616475627 0.47624889729667236
0.8242043616475627 0.47624889729667236
0.8046587232951256 0.4524977945933447
0.0 0.34375
0.8427662763762732 0.03987848047947779
0.8966685257522913 0.09197131573062022
0.014559198385118134 0.3258113154745705
0.07042747661258718 0.2900578810429828
0.062022857744772585 0.3754545637797821
0.10794922928114892 0.2806136792534021
0.09597638303516144 0.38747467425828763
0.1752659488586275 0.19615035274442172
0.4771827066741985 0.040481348489225064
0.6762293375493625 0.1660488764743069
0.6556321223453594 0.20206484888301607
0.5903429232560714 0.13956961252169695
0.792449750210299 0.051015238440812745
0.7375003487236022 0.11489273270553169
0.43341563721049836 0.5282292989485635
0.47471033554116676 0.463279961127405
0.596052749831107 0.33490794911548305
0.8169590425934823 0.4083383004193333
0.051527170709956494 0.2941205469705347
0.07651812837391259 0.27159147068383255
0.08935466971264718 0.2861223786601924
0.19488563761414104 0.19234442233631677
0.5767863150322341 0.12228284518654041
0.7288443262548375 0.0917179319577701
0.7372420906000411 0.13911273304211175
0.415054952124673 0.5317553267039878
0.4871801601834203 0.48089455490228067
0.5817204272989931 0.315504916279384
0.8098430567701578 0.3888626449342801
0.06269850025536201 0.253230406593891
0.39392798652392746 0.5325057807229276
0.53125 0.5
0.7850802020587392 0.3821941729353504
0.385401662029897 0.5522327893683457
0.3763333389864928 0.5722463122694107
0.0 0.09375
0.04655500840079399 0.056542816475833216
0.2332232015973827 0.27521351502999186
0.19674392788059444 0.3094164352633183
0.4148230950769055 0.35201341900224664
0.4629910123657537 0.308061798595586
0.749517677726124 0.43179138538148665
0.654968395946799 0.15615723665341924
0.6348863673037628 0.19287499841462935
0.5931455501763946 0.2877792070961864
0.5104212825519862 0.47915346469998293
0.7574004345483691 0.3764269693017125
0.6573420305994683 0.13224301930222976
0.6372901540428211 0.11848062717928848
0.21319837195843105 0.6542554912386299
0.78125 0.5
0.84375 0.5
0.96875 0.5
1.0 0.46875
0.9831673796885144 0.454098300536695
0.9736004475319543 0.4315693956020381
1.0 0.40625
0.8767161620272462 0.10991021483590212
0.2578125 0.8359375
0.4722222222222222 0.5538194444444444
0.4722222222222222 0.6788194444444444
0.4565972222222222 0.7256944444444444
0.3046875 0.8515625
0.1015625 0.9453125
0.1220703125 0.9736328125
0.4861111111111111 0.6362847222222222
0.08339221986201498 0.7019300548708751
0.47166577903256124 0.6181000626513595
0.109375 0.984375
0.7038479238034633 0.3811265916920187
0.984375 0.009580574172714277
0.046875 0.015625
0.0859375 0.9296875
0.0703125 0.9140625
0.140625 0.890625
0.0859375 0.8671875
0.109375 0.859375
0.15625 0.84375
0.1328125 0.8515625
0.0625 0.875
0.0390625 0.8828125
0.1484375 0.8671875
0.09375 0.90625
0.1171875 0.8984375
0.1015625 0.8828125
0.0546875 0.8984375
0.4861111111111111 0.5425347222222222
0.4861111111111111 0.5737847222222222
0.4861111111111111 0.6987847222222222
0.4861111111111111 0.6675347222222222
0.197265625 0.837890625
0.3537019272154772 0.43554369966073825
0.36762566432198274 0.22219445378903618
0.3669504597523178 0.24532603301717257
0.5682698465834606 0.04538989479094332
0.6060899488611535 0.01512996493031444
0.220703125 0.845703125
0.24169921875 0.85302734375
0.58486301670025 0.4538107280292885
0.26513671875 0.86083984375
0.4861111111111111 0.6050347222222222
0.32823476662342277 0.4826281964418391
0.1777811742023366 0.7791487073609342
0.3803984281168681 0.17007766243116684
0.6441220435135 0.4382096818663914
0.6226307979470963 0.4727162351789647
0.2861328125 0.8681640625
0.11749910053453948 0.955357601768092
0.9854591066082912 0.16759864834542854
0.4461805555555556 0.7152777777777777
0.9698341066082912 0.17717922251814283
0.9140337232951256 0.19998951711148757
0.359375 0.890625
0.015625 0.890625
0.078125 0.953125
0.046875 0.921875
0.953125 0.05999172251814283
0.014757169853758039 0.6661008367122987
0.984375 0.19708057417271427
0.555929897722307 0.03025992986062888
0.680929897722307 0.03025992986062888
0.0299356089982356 0.675253019278866
0.5435899488611535 0.01512996493031444
0.5748399488611535 0.01512996493031444
0.6685899488611535 0.01512996493031444
0.6998399488611535 0.01512996493031444
0.4861111111111111 0.7300347222222222
0.015178439144477562 0.6966521825665672
0.3359375 0.8828125
0.5669920111335 0.4692071520195257
0.328125 0.921875
0.5803710055667499 0.48460357600976284
0.05950720696361656 0.4318951040351382
0.04463040522271242 0.44110882802635365
0.02975360348180829 0.4503225520175691
0.01487680174090414 0.42828627600878455
0.014876801740904153 0.45953627600878455
0.43229166666666663 0.6953125
0.015625 0.015625
0.484375 0.984375
0.015625 0.984375
0.390625 0.890625
0.375 0.90625
0.4375 0.84375
0.453125 0.828125
0.328125 0.953125
0.3125 0.96875
0.453125 0.953125
0.421875 0.921875
0.4375 0.90625
0.421875 0.953125
0.453125 0.921875
0.375 0.96875
0.390625 0.984375
0.484375 0.859375
0.484375 0.890625
0.046875 0.953125
0.03125 0.9375
0.0625 0.96875
0.359375 0.921875
0.34375 0.9375
0.46875 0.8125
0.484375 0.796875
0.40625 0.875
0.421875 0.859375
0.078125 0.984375
0.015625 0.921875
0.4375 0.96875
0.46875 0.9375
0.453125 0.984375
0.484375 0.953125
0.015625 0.953125
0.046875 0.984375
0.390625 0.921875
0.421875 0.890625
0.40625 0.9375
0.359375 0.953125
0.390625 0.953125
0.453125 0.859375
0.453125 0.890625
0.46875 0.875
0.484375 0.828125
0.421875 0.984375
0.484375 0.921875
0.296875 0.984375
0.045535317433432684 0.683706547699702
0.6087234643195573 0.44658793953775056
0.4583333333333333 0.6901041666666666
0.484375 0.765625
0.3683008688916476 0.19906287456089983
0.3173828125 0.8994140625
0.953125 0.18499172251814283
0.984375 0.07208057417271427
0.96875 0.05041114834542855
0.984375 0.040830574172714275
0.3095703125 0.8759765625
0.390625 0.796875
0.41145833333333337 0.8177083333333333
0.030784910684668113 0.5478051786306638
0.015392455342334056 0.539527589315332
0.015392455342334056 0.570777589315332
0.29939306682432665 0.45090906277503684
0.059954719862014984 0.6941175548708751
0.4704861111111111 0.7456597222222222
0.3854166666666667 0.8229166666666666
0.3146460538622333 0.46592325781519883
0.3591869902660949 0.17535956427845595
0.6331122511331536 0.4500970226971896
0.9335793616475627 0.1924906198148152
0.96875 0.0
0.5 0.71875
0.0 0.53125
0.0 0.65625
0.59375 0.0
0.5 0.59375
1.0 0.15625
1.0 0.03125
0.59375 0.5
0.0 0.46875
0.65625 0.0
0.53125 0.0
0.5 0.65625
0.5 0.53125
0.0 0.40625
0.0 0.59375
0.0 0.71875
1.0 0.09375
1.0 0.21875
0.6508028157801384 0.45543944911663864
0.10159551775920232 0.7184037138353604
0.13601342249637077 0.9604358886530721
0.71875 0.0
0.5919359767271946 0.4341533858513226
0.15566574031848565 0.9560284167622453
0.16576344173844956 0.9312542984241687
0.0 0.03125
0.03125 0.0
0.06849493374180662 0.021619933741806624
0.0 0.90625
0.021484375 0.869140625
0.068359375 0.853515625
0.0 0.96875
0.03125 1.0
0.115234375 0.837890625
0.1640625 0.8203125
0.162109375 0.884765625
0.09375 1.0
0.1337890625 0.9169921875
0.28125 1.0
0.3525390625 0.8642578125
0.40625 1.0
0.5 0.78125
0.5 0.84375
0.5 0.90625
0.46875 1.0
0.5 0.96875
0.7310568472475094 0.38424202205829416
0.0 0.84375
0.05202414772727273 0.8359375
0.09797087943719253 0.8169088496030392
0.296875 1.0
0.3625573266392027 0.5503355457664744
0.28919506870483325 0.5016270869745894
0.1767578125 0.8974609375
0.23359572965588302 0.47191368010310725
0.4906260439175132 0.2219552668340815
0.203125 0.05014886382803502
0.26538635591795645 0.012197109809461034
0.13337090631773127 0.5828557934812872
0.208984375 0.912109375
0.8981160035807334 0.3547875132375469
0.31788519990592423 0.4982161990571998
0.11998730337734609 0.07934063844736677
0.7974090961813471 0.010358666067024618
0.8286590961813471 0.010358666067024618
0.4191944066219744 0.21768449021790187
0.9235446264662146 0.3640596502708563
0.22229304744934658 0.1261670165499164
0.1098401389675523 0.2470177340433347
0.6588799650495482 0.31104697985708063
0.45019081502057956 0.012598515701588854
0.5508007748635046 0.43375581928434437
0.32547967552681994 0.6690164032567049
0.37795200831914255 0.36981276765453885
0.512916561692965 0.4450848804801152
0.8032128215347863 0.25929674802065455
0.5817449480916946 0.36096705530655215
0.31682432598936705 0.1928373530503793
0.5487567789136377 0.31000126351617574
0.5535423108178336 0.33021264656989924
0.2421875 0.6484375
0.2470328738190673 0.4534885971455558
0.495411575821709 0.24216664988780498
0.5001971077259049 0.2623780329415285
0.48223469332393937 0.2635077014223884
0.39714610548724893 0.413260042178262
0.05419130799773719 0.21582631784885997
0.1845703125 0.8740234375
0.1675855746319039 0.7410266935394401
0.5085884583194786 0.22082559835322157
0.5181595221278703 0.26124836446066857
0.17266125545829336 0.6155511716465774
0.32740906775386946 0.0365913294283831
0.3427954236718259 0.048788439237844136
0.31202271183591296 0.024394219618922068
0.35865906775386946 0.0365913294283831
0.530132677278261 0.23447413977918807
0.5516768962370433 0.24812268120515457
0.5349182091824568 0.25468552283291157
0.6631474709723374 0.3259399544328978
0.48144081502057956 0.012598515701588854
0.15925143140087883 0.089100511544174
0.6723778862116447 0.3497146360944941
0.09214071585614785 0.5974151291432268
0.2265625 0.6953125
0.7821092638064828 0.2412533933788971
0.01171875 0.80078125
0.40312342963186365 0.21776670726498304
0.29718606647092705 0.5293922042879213
0.3338671954381117 0.5537464336838638
0.1689453125 0.9892578125
0.23779296875 0.89599609375
0.8710218082378138 0.38124448648336184
0.4661814036665237 0.1838382058297649
0.912075431123295 0.39051662351667127
0.30020129904833054 0.19697668567483864
0.22808747229390602 0.19101649460763523
0.26723284421486065 0.15912616646324726
0.22802734375 0.87060546875
0.5329297692967546 0.44915224327458153
0.9023293616475627 0.47624889729667236
0.16877862471024102 0.5552266640616832
0.6853870933248486 0.3335772283688262
0.6754279878073082 0.08123719185530699
0.4772332520841148 0.3734765183539158
0.6782695847606927 0.47622531833840376
0.4238366997270626 0.4365603793822381
0.4104914026071558 0.42491021078025004
0.429981125965585 0.4128902849082046
0.48292815770729025 0.2104305857435539
0.8419657463729513 0.12808643242834222
0.7822780446479163 0.2592731690623859
0.172467185335768 0.1561855002269346
0.8264519738046359 0.2627795006076634
0.16508599563306314 0.5975506148506236
0.41894081502057956 0.012598515701588854
0.33418619759883517 0.3454942133237837
0.3692697248421192 0.3060362641920321
0.22870235891518326 0.3367188434086018
0.271041225703055 0.22871974057626915
0.24700328345158012 0.22673301022053466
0.2614538383182567 0.24451763140550564
0.06218229632997477 0.1035158599657661
0.3313524161382563 0.2264504623605199
0.3370802920911763 0.366753047811286
0.2456204868095371 0.31998332461909607
0.4871517884358743 0.35012362385866763
0.6975426160342375 0.12825922332714026
0.6943380389461549 0.06610722692499255
0.6964744236715432 0.10754189119309102
0.695406231308849 0.0868245590590418
0.15666937372046313 0.16259328718642455
0.8867043616475627 0.47624889729667236
0.10171753172991013 0.2279967840256564
0.12612085989826136 0.14026617315546308
0.3524305555555556 0.708767361111111
0.38769081502057956 0.012598515701588854
0.08649451027749155 0.14104138862298926
0.14654171494973733 0.14919208932221778
0.4655338119142961 0.3538473700668775
0.32587799319010124 0.20962667825547798
0.47387928987674666 0.19536288692029252
0.09052561434882661 0.6646723267527743
0.014373455925223867 0.30327848259907697
0.6664770421860021 0.28620719329914057
0.2916666666666667 0.7604166666666666
0.3203125 0.7265625
0.3151041666666667 0.7682291666666666
0.29427083333333337 0.7786458333333333
0.2994791666666667 0.7369791666666666
0.3072916666666667 0.7135416666666666
0.265625 0.734375
0.2526041666666667 0.7213541666666666
0.2734375 0.7109375
0.33333333333333337 0.7395833333333333
0.27864583333333337 0.7473958333333333
0.29427083333333337 0.7005208333333333
0.25520833333333337 0.6614583333333333
0.3359375 0.7578125
0.28125 0.6875
0.23177083333333334 0.7317708333333333
0.23958333333333334 0.7083333333333333
0.2682291666666667 0.6744791666666666
0.24739583333333334 0.6848958333333333
0.2109375 0.7421875
0.649200329150009 0.2874516264489913
0.19191619634294876 0.7461598284063056
0.28062861308785325 0.21292184974703263
0.23255272858490358 0.20894838903556368
0.01171875 0.76953125
0.5583278427220294 0.35042402962362273
0.375 0.6940104166666665
0.8866468082378138 0.38124448648336184
0.3545663288731089 0.5225704284531423
0.0718879434189466 0.06923523121707376
0.5655042870185147 0.3728483054122155
0.32788635591795645 0.012197109809461034
0.29663635591795645 0.012197109809461034
0.35913635591795645 0.012197109809461034
0.11797845097539722 0.5902032041659554
0.1435774139168534 0.12710371636638948
0.9860713761667009 0.32104247540252123
0.11776443477754073 0.6067027974171908
0.11018871865123833 0.10005272307897453
0.6672597923803463 0.4881126591692019
0.6985097923803463 0.4881126591692019
0.7297597923803463 0.4881126591692019
0.2518191294156143 0.3423682294136482
0.1482742523464492 0.5736843141267283
0.014373455925223867 0.27202848259907697
0.52230569525399 0.09039870893620416
0.10880856988319026 0.13966295693043415
0.2761633567968557 0.19498995531910418
0.2521254145453809 0.1930032249633697
0.2716981005058582 0.1770580608911757
0.014959000217715224 0.1337354203027939
0.10084249925967875 0.11955623189218986
0.3750579138268014 0.3485539331670366
0.3546220557128183 0.3470240732454102
0.3721638193344603 0.3272950986795343
0.1641065422605819 0.5810332223748744
0.11604548119584972 0.6753763341826076
0.014959000217715224 0.1649854203027939
0.3040096805365249 0.2665702597878605
0.9020366419331707 0.37853861594087457
0.528174065212831 0.06520167753302646
0.3075356331884256 0.5138042016725606
0.325876197672018 0.5259813163705318
0.3442167621556103 0.538158431068503
0.08787465904553962 0.10143115477152964
0.19921875 0.88671875
0.11701853410960147 0.6576179163267662
0.234375 0.016716287942678338
0.14945284667477107 0.10981259617578176
0.9860713761667009 0.35229247540252123
0.203125 0.016716287942678338
0.13295514359148522 0.09746571556802701
0.37673611111111116 0.7144097222222221
0.07152851572153435 0.08401235115255076
0.2944222931517266 0.28236815061709697
0.216796875 0.888671875
0.543491425485773 0.08571689112443547
0.2759043931849332 0.2623022525904766
0.0 0.78125
0.46875 0.0
0.0 0.28125
0.0 0.15625
0.34375 0.0
0.65625 0.5
0.15625 1.0
0.84375 0.0
1.0 0.34375
0.40625 0.0
0.28125 0.0
0.71875 0.5
0.78125 0.0
0.057971129555485404 0.07628966016002635
0.47621121489897134 0.2232503873007875
0.031197619798073423 0.12310354651439309
0.029296875 0.806640625
0.07632699122309426 0.6054611939736264
0.1672424458601117 0.5378073828644392
0.07463653459082359 0.6727075697660204
0.3819291546787491 0.031093540275401777
0.5315967981674636 0.2135342017135137
0.7994681770814825 0.029530252534797612
0.9824655309082198 0.2995364508023963
0.4355558369308446 0.3930358197989021
0.8867419284331578 0.33521497055807503
0.9389372801636986 0.36135480738310477
0.0439453125 0.7919921875
0.01611328125 0.81689453125
0.07789468026208261 0.5889791592106632
0.15128156672638232 0.5303317015057312
0.1677671090835996 0.5202898000994977
0.9712330736153322 0.3124750628940834
0.4469332407305818 0.406940215095383
0.9032250698357968 0.33872736638447914
0.9555094575806194 0.35907401262447597
0.07759955443986818 0.571452907237515
0.1664197449591662 0.5028160658776163
0.18322124932230693 0.512024430947238
0.9523479109980112 0.32205825369120633
0.46474717337514687 0.4197605169665516
0.9242332497301111 0.3331887080066882
0.9503308973480379 0.3750324316159138
0.9610615024501974 0.34277010866139873
0.16692332665540663 0.4851772933038375
0.19855383855189318 0.5020533527952757
0.19913653428851202 0.5213090689639458
0.9621094054038726 0.3897920730602228
0.9430030340074881 0.39295979334621584
0.08911360215664438 0.24462389325188372
0.3459419112013717 0.38563555653829346
0.14803436956994231 0.7362993359446955
0.17371528770466943 0.7598117188422762
0.18865966796875 0.9766013405539773
0.4622586487238969 0.2575652747609957
0.5298322781324989 0.3011735043031956
0.7092827335137274 0.05118171706531112
0.386813627429338 0.3886952763815463
0.39773644593294305 0.04873996848045658
0.064208984375 0.799560546875
0.9821105124214496 0.3851005430512635
0.3251228310308527 0.3842855439001368
0.16111392724852458 0.7204175497958303
0.5437575540776379 0.28524860826604453
0.3115825936716226 0.40261478871995426
0.21875 0.0
0.49869678848428517 0.32994138197457185
0.32263785566942776 0.42338142969652615
0.1511774297220203 0.6174914292358733
0.44847080386455407 0.15476958977112631
0.9335793616475627 0.47951940957418027
0.2842158640854226 0.4534598785269708
0.9199146808237814 0.10936203242555043
0.5204692051272712 0.366029025937496
0.38802083333333337 0.8411458333333333
0.01847938091444499 0.7430861373889801
0.18783731481602134 0.6491093321185551
0.6278849232917303 0.02269494739547166
0.5806097954446141 0.06051985972125776
0.5711547698751908 0.06808484218641497
0.5946177415360675 0.08902901356492277
0.618429897722307 0.03025992986062888
0.17352211840098375 0.31209856860592095
0.8690614890615953 0.2587397963907695
0.9023005849426884 0.2183231273218028
0.8486812773053827 0.17528632071492345
0.8274089387356456 0.13922319038967718
0.19088707884743267 0.28834503915039045
0.027084038251492373 0.052774264086696804
0.3298199533045977 0.6516552921455938
0.7992913929985066 0.3574698048217656
0.2158203125 0.8330078125
0.9199146808237814 0.14061203242555043
0.9023293616475627 0.13352676816024375
0.9199146808237814 0.12498703242555043
0.469380511904518 0.504882585164535
0.75747734653886 0.14502132493834463
0.643370026731668 0.04986200409823938
0.2138671875 0.9248046875
0.01847938091444499 0.7274611373889801
0.24510273313759373 0.5424130376212547
0.24706163988255625 0.5754478225727528
0.160799256050136 0.667141099058054
0.3356569842303664 0.3258474558049891
0.1898062241288606 0.7095248969961827
0.2803819444444444 0.6336805555555556
0.2934027777777778 0.6467013888888888
0.2977430555555556 0.6293402777777777
0.8730109041189069 0.4406222432416809
0.9199146808237814 0.48812444864833615
0.8022159618134714 0.13232838318838902
0.5572046852795831 0.1165983838570768
0.9824146808237814 0.2429147357346933
0.8847440424713442 0.14206650389493708
0.9199146808237814 0.15623703242555043
0.37239583333333337 0.8567708333333333
0.9213754547290138 0.047088160312987695
0.5863796420280745 0.10590975451220108
0.5444504307259805 0.1420060047839213
0.5108267455594958 0.42561539938543297
0.6357418674573276 0.16785756998672563
0.4918006540052103 0.10331957484143642
0.2501539885591671 0.37411794324331593
0.4296955007466203 0.14222068259565285
0.5840693519305018 0.4238116944866086
0.49979948941371144 0.12220165965277563
0.5508855760246768 0.12558294539802967
0.9276984041189069 0.23624310450075237
0.9452837232951256 0.243328368766059
0.9433234041189069 0.25791253032803807
0.9472440424713442 0.22874420720407995
0.9628690424713442 0.25041363303136566
0.8808234041189069 0.17123482701889517
0.9492043616475627 0.21416004564210092
0.8827837232951256 0.15665066545691614
0.9003690424713442 0.16373592972222278
0.9179543616475627 0.17082119398752948
0.02991800043543045 0.18934584060558782
0.5159137763876619 0.12480553268477923
0.45598234953703703 0.775318287037037
0.5857296041114197 0.23808927499904353
0.3707405114736505 0.2863895066732374
0.5900648210140373 0.052954877256100534
0.24726224706350258 0.1594207129491622
0.9825837651208666 0.10509864834542855
0.9057504547290138 0.03750758614027342
0.6018443853096551 0.2452615690212412
0.35319874785200844 0.3061184812391132
0.20605171376512738 0.673305314209192
0.18264058710116832 0.7958243536804671
0.6089748721528838 0.037824912325786095
0.3368055555555555 0.603298611111111
0.6059124394696 0.26714679622255605
0.6243265389775621 0.31353584615678204
0.2255859375 0.9677734375
0.9274344611093892 0.2966641672925383
0.4157986111111111 0.6974826388888888
0.6726690343753138 0.2618834771486682
0.015625 0.046875
0.5641853851526374 0.22444073357307706
0.2044488136205263 0.6038610798621897
0.7712264177833581 0.17819594851478238
0.8710218082378138 0.2441556348287904
0.543451564708967 0.41472856320690304
0.8906422754551805 0.02872341319000616
0.08180544455822775 0.1772299259064437
0.08646259823052352 0.19391495437668282
0.2276895611030253 0.1753658770213562
0.6623405863594117 0.24181606482439655
0.9101130849426884 0.22915784023544566
0.6180048724660245 0.119760173310902
0.06859329907548506 0.7077734600020049
0.4521399045566298 0.4978527457790999
0.3433361850633242 0.4625123698978093
0.4261741199712643 0.6763948754789272
0.5556849888746527 0.19020252156443612
0.6002128581345745 0.046256049070330846
0.06449315454315666 0.17662670968141475
0.4883462050419728 0.06643803692636971
0.2673611111111111 0.6206597222222222
0.3020833333333333 0.6119791666666666
0.6228911166009481 0.38675631497142005
0.203125 0.8046875
0.8750172754551805 0.01914283901729188
0.6557099755928215 0.06499196902855382
0.28097471235338906 0.2921172888195124
0.2268937387212638 0.14406464184879808
0.47311529763376703 0.08189035206032755
0.19826558710116832 0.7880118536804671
0.921875 0.02874172251814283
0.5641348121124623 0.41938704796161
0.453125 0.796875
0.14352961905945277 0.6974657399149196
0.5494363918033871 0.3813325358067274
0.4634052556574464 0.10656485557420453
0.16890640034544896 0.6507261301956677
0.5311879102282359 0.12733698191350482
0.4951935961323377 0.39594311819346717
0.5078314006298046 0.38098607206548163
0.47705812967669137 0.14377257752251094
0.7965881755469657 0.20311053139955937
0.3553134125199955 0.4573805040925939
0.44281676525381025 0.13644395263415915
0.6620198465834606 0.04538989479094332
0.44035734953703703 0.790943287037037
0.577229207833435 0.20385106299040257
0.33413330120243145 0.2686220463394713
0.4343892890674464 0.4901952040659169
0.8631805315329395 0.3024922810767066
0.872953350709158 0.3143678324283704
0.9375 0.019161148345428553
0.38920783091929745 0.6861833441249582
0.15658785667520192 0.32417784892995005
0.9804543616475627 0.27312389729667236
0.2073210527607865 0.16000980592099207
0.9413630849426884 0.27249669189001713
0.9804543616475627 0.25749889729667236
0.15064554525193757 0.6519069548942132
0.3354828933189655 0.6187963960727969
0.390625 0.859375
0.3001244265883708 0.5789443817151685
0.28178386210477846 0.5667672670171973
0.31846499107196313 0.5911214964131397
0.3011038799608521 0.5954617741909176
0.3358261021830743 0.586781218635362
0.2991449732158895 0.5624269892394194
0.26246384424870484 0.5380727598434769
0.26344329762118607 0.5545901523192259
0.2614843908762236 0.5215553673677279
0.2663816577386299 0.6041423297464732
0.2837427688497409 0.5998020519686953
0.26442275099366735 0.5711075447949749
0.2654022043661486 0.5876249372707241
0.36080999711792877 0.2658988783687456
0.2265625 0.8125
0.42012841563900094 0.49444448382702527
0.9022718082378138 0.28749448648336184
0.15408506295985483 0.68251797152695
0.9413630849426884 0.28812169189001713
0.9120446274140325 0.2993700378350257
0.3210567938717869 0.30628291533327556
0.7031146663202896 0.26748263383153736
0.232421875 0.935546875
0.26683493302397987 0.14347554887696823
0.8560532101249049 0.42470040608335113
0.718757832739906 0.1725836983484131
0.6934350304207504 0.24388728042344804
0.2422636446007046 0.12587247006400148
0.31510416666666663 0.625
0.7232318502493633 0.2530143781901348
0.5767201417759642 0.40478443840916734
0.48452535557313753 0.11967021042405004
0.049534154325441435 0.18351628937862086
0.6896099836584816 0.40966813677920505
0.6426732728899036 0.4192018636303853
0.646359471985237 0.3819894515458299
0.6908387166902594 0.3972639994176866
0.2576335504801454 0.10768029827920489
0.28218483810830564 0.3158835724217271
0.2080078125 0.8173828125
0.630413369377911 0.23716562176104017
0.8502010293011235 0.4365759574350149
0.05709532005892255 0.7288008199555474
0.1405181337472485 0.6338555367797118
0.5041737681564491 0.4071764181132429
0.7385672954000133 0.1601512898686591
0.2822048389034207 0.12528337709217163
0.49175742757284213 0.085335810478753
0.3995833397794507 0.6650955807149965
0.8361691792650122 0.1808488049560238
0.8255330099801437 0.16281723979340063
0.8236570812246418 0.1864112891971241
0.7387360762414468 0.1781710655521479
0.6782122144482625 0.24108770208201347
0.33859855749342893 0.2865539407673997
0.45593802976100023 0.13066722267266542
0.20703125 0.95703125
0.606957690397221 0.1041589784952372
0.5294493771513827 0.3772623258572717
0.33114261554118773 0.636157507183908
0.048456740845452484 0.7151449148244177
0.15206516005207066 0.3084727117446363
0.77310234653886 0.15460189911105893
0.26752713155505153 0.3018664270219278
0.8148968406952752 0.14478567463077752
0.8111449831842714 0.19197377343822442
0.37688097410803956 0.2658166613216644
0.16447672515472123 0.28068829423529346
0.5599351870136451 0.2073216275687566
0.5234645500569626 0.4106583532574474
0.6451307389534593 0.3943935889073484
0.6673703613059704 0.4020308628432767
0.6439020059216813 0.40679772626886684
0.634481423537856 0.25905084896235503
0.47140409106594755 0.12544694038554374
0.7857832254206638 0.16705919055344742
0.7984641043024676 0.17951648199583592
0.8003400330579695 0.15592243259211247
0.3371277708618977 0.3062006982861944
0.7086578463932383 0.2466868587648826
0.5367985873059203 0.396289581934713
0.2197265625 0.9462890625
0.6177770225288433 0.2571999842404332
0.22729164991214457 0.15971525943507714
0.40968106441570884 0.678565014367816
0.08112246687090331 0.010809966870903312
0.11237246687090331 0.010809966870903312
0.890625 0.009580574172714277
0.921875 0.009580574172714277
0.14057132852927978 0.28074341021464755
0.14509402515241102 0.2964485473999613
0.26223424175206267 0.12557792357808656
0.09375 0.0
0.90625 0.0
0.5633553099453069 0.1276387905286545
0.01526557230258775 0.06165211993547699
0.3441824045705347 0.44794463733869194
0.6011878438137606 0.058769083704293845
0.612120026731668 0.04986200409823937
0.606520621010453 0.37887175435252324
0.629799821248894 0.4116637143167715
0.6103872656133649 0.3917806312720337
0.2890800765451439 0.4359745178971619
0.2795638971061978 0.4722080872027313
0.34479792249658175 0.6451282566321698
0.45001924437642377 0.09395005454621036
0.4492134718571622 0.17424667102295166
0.5990417110746898 0.22986907327359735
0.9164204616288908 0.2163758254695442
0.46840688439134254 0.7652818843913425
0.8966547937186757 0.30207590837751297
0.8575635170138013 0.3170737029708577
0.8827837232951256 0.4528179443791424
0.33886956334336027 0.4340119815832915
0.6096007849206295 0.4052853875069343
0.2743694553526828 0.4413014662330452
0.2941036650653267 0.46586457224147876
0.46039655521707606 0.16406755637915862
0.9279997833337754 0.20658830136483547
0.45480313524364263 0.7611498228656485
0.8864510407488491 0.4398657090792388
0.3481393693791936 0.4168283056946633
0.6065827553612387 0.418646961602716
0.8944880849426884 0.42623235085516975
0.6081412396641903 0.43258005231276914
0.6220357364290138 0.43901858404775607
0.015384064251923749 0.18153334060558782
0.07726926964849778 0.20903050092120729
0.1904965540127371 0.15260719544237103
0.29958744258025544 0.32573894273594056
0.13282268717364754 0.6171941916744071
0.17084341573057082 0.6806810907458526
0.17703846487989466 0.6343051796996179
0.2292451884799278 0.5350656269365865
0.23218354859737156 0.5846178043638337
0.2625868055555556 0.638454861111111
0.30584490740740744 0.6595775462962963
0.4893125202646224 0.1545578096743802
0.5901375491402956 0.19155912464673458
0.5709814368684396 0.2508379909786343
0.6813168736964996 0.27703491694396737
0.8876692948430962 0.12571426816024375
0.7901535558310676 0.22234352711324268
0.9555717717994558 0.28030919189001713
1.0 0.265625
0.44959262395136074 0.4793552495322365
0.4546639043230269 0.5163187868532214
0.6342330106588149 0.3305191247221931
0.6144474513151785 0.29693274537419045
0.919098365385434 0.47167597137373296
0.30732894047858356 0.4335951285474855
0.4339841349840767 0.1033785515579363
0.6119500523815504 0.21757713492992933
0.8746934399981897 0.4662151611264924
0.9045693021833993 0.4133909140656257
0.01635179356768087 0.19715834060558782
0.09459613925315635 0.20921528330316913
0.2312511909244074 0.5515221467926372
0.28818509463970776 0.6649399053602922
0.5072369650048053 0.14982954888505734
0.6318764750979543 0.29780287262863164
0.8710793616475627 0.48274713478921816
0.11482938215731943 0.2116367507866466
0.23226738452554674 0.5680373606351112
0.21735356335671221 0.560666148831881
0.2013548274638162 0.5680099794033161
0.1977544044764932 0.550591238314728
0.20014792252582625 0.7260010775871262
0.8833573079653902 0.19031141995261674
0.8712769353955028 0.27860678708426573
0.9801992344898738 0.22304774504119712
0.2602217475955493 0.473258418025458
0.4301227758888574 0.17970039945491892
0.5765265343546387 0.2702118476543576
2960
1490 810 907
934 0 837
837 935 39
935 837 0
39 935 770
837 39 934
33 1528 1062
934 39 1310
734 38 663
1310 38 934
1467 1310 1240
902 887 1481
654 663 41
663 1467 1240
1240 735 663
663 654 734
1310 39 1240
734 654 27
1240 39 735
1491 1291 576
770 37 936
37 770 935
40 936 506
1457 936 37
1103 36 1147
770 936 735
35 1458 1464
735 936 40
41 735 1165
41 663 735
1165 735 1103
41 1165 1051
1165 1147 1051
1147 1165 1103
1147 1138 1051
390 1051 1138
735 40 1103
41 1051 654
520 1103 40
735 39 770
1528 393 1534
654 1051 388
1361 1482 431
1155 27 1124
1124 495 1131
495 1124 1167
1131 495 489
1124 1131 1155
654 1124 27
1155 1131 264
1527 471 560
1527 264 1498
560 471 18
536 1483 406
489 1289 1498
1289 489 1404
234 1289 1404
1498 1289 1527
1131 489 1498
471 234 515
495 34 489
1361 406 1483
388 34 495
1167 654 388
1066 34 388
489 34 1404
34 1317 1329
383 1317 34
1318 1317 393
1329 1317 364
1051 390 388
1404 34 1329
234 995 515
234 1404 995
995 1404 364
515 995 33
364 1318 1499
364 1404 1329
1528 33 1499
1499 995 364
1317 1318 364
728 515 33
388 390 1066
1167 388 495
654 1167 1124
471 515 543
1457 506 936
1391 431 1482
506 1458 552
506 1457 1464
1458 472 552
472 1458 35
472 35 562
496 520 552
1464 1458 506
552 520 40
1112 1138 36
1138 1147 36
36 1103 520
971 36 520
1112 971 1145
971 1112 36
158 971 520
154 1112 1145
971 158 1145
1125 1138 1112
226 552 472
506 552 40
552 226 496
496 158 520
226 562 574
496 226 568
226 574 568
574 562 277
965 568 574
42 568 965
74 468 1526
496 568 563
1010 1142 1145
1010 158 563
1142 1010 525
1010 1145 158
563 42 525
563 158 496
561 525 541
563 525 1010
568 42 563
1142 525 561
589 632 673
472 562 226
471 1527 234
1142 154 1145
1066 1125 1120
1066 390 1125
1120 154 1063
154 1120 1125
1063 154 1109
1066 1120 383
1125 1112 154
29 1120 1063
1499 1318 1528
393 383 629
1534 1062 1528
1317 383 393
1534 629 670
29 629 383
678 629 29
212 1062 1534
383 1120 29
1201 33 1062
1063 1067 29
383 34 1066
1067 153 1060
153 1067 1109
1060 678 29
29 1067 1060
561 1500 153
153 1109 1142
1041 1500 152
153 1041 1060
154 1142 1109
1060 1041 152
670 678 133
670 629 678
133 678 706
212 670 600
589 706 720
152 706 678
152 720 706
706 589 133
678 1060 152
626 670 133
43 1500 561
1067 1063 1109
561 153 1142
673 133 589
525 42 541
1125 390 1138
560 264 1527
977 1062 212
1525 1484 1061
1154 18 1118
1118 543 473
543 1118 18
26 1072 473
1154 1118 1072
471 543 18
1072 1118 473
698 205 701
1072 205 1154
701 205 1072
1493 1219 362
701 607 191
607 701 1072
680 191 607
701 191 698
607 1072 26
698 191 622
473 543 211
363 1219 1485
702 211 718
211 717 473
718 211 728
211 702 717
719 718 209
1201 718 728
209 718 1201
718 719 702
515 728 543
702 719 187
682 26 594
26 473 717
594 26 717
26 682 607
594 187 683
594 717 702
684 683 187
594 683 682
702 187 594
682 683 203
683 593 203
543 728 211
33 1201 728
680 607 682
1494 1486 276
922 21 640
640 220 922
640 622 681
833 220 832
640 21 622
21 698 622
922 220 834
391 1474 1487
917 263 835
267 9 917
904 1488 900
834 833 835
833 834 220
267 917 835
834 835 263
263 922 834
267 835 833
220 640 198
990 1487 392
198 681 703
681 622 191
703 681 680
198 831 220
367 831 580
703 705 198
203 703 680
198 580 831
680 682 203
220 831 832
223 267 269
833 832 112
267 833 112
267 223 9
269 112 452
112 832 831
452 112 367
112 269 267
831 367 112
114 223 269
203 705 703
640 681 198
191 680 681
9 223 910
719 605 187
1472 1486 422
704 605 719
704 209 625
977 600 625
977 212 600
1461 625 216
977 625 209
209 1201 977
704 625 24
684 605 643
684 187 605
643 605 24
200 684 643
591 24 1462
24 605 704
1462 24 1461
24 591 643
625 1461 24
643 591 175
625 600 216
593 683 684
1439 216 592
1439 1461 216
592 216 626
1439 1462 1461
483 1439 1239
592 626 673
485 183 491
1234 483 1239
626 133 673
1439 483 1462
1364 591 1433
1462 483 1433
591 1364 175
1433 591 1462
1364 1234 183
1234 1364 1433
737 183 1234
1364 183 175
483 1234 1433
175 183 485
1239 1439 592
216 600 626
1201 1062 977
200 643 175
705 593 512
705 203 593
492 512 484
200 512 593
484 512 200
705 512 580
593 684 200
20 512 492
270 452 121
20 367 580
367 20 399
452 270 269
399 121 452
382 399 20
650 121 399
452 367 399
580 512 20
271 270 121
382 20 492
580 198 705
366 492 108
108 484 485
492 366 382
108 492 484
108 485 493
366 620 117
366 117 382
108 365 366
200 175 484
382 117 650
650 1189 272
1189 650 1196
1183 272 1189
650 272 121
273 1190 1189
273 1196 117
1197 1190 273
273 1189 1196
650 117 1196
272 271 121
273 117 274
382 650 399
175 485 484
1189 1190 1183
592 673 28
704 719 209
626 600 670
270 114 269
1144 574 277
141 1061 1484
524 42 965
965 1144 238
1141 238 1144
1141 1217 22
965 238 511
1141 1144 1217
1144 277 1217
481 511 238
541 524 976
541 42 524
976 524 322
976 43 561
511 498 322
1399 322 1409
322 1399 976
511 322 524
524 965 511
1338 976 1399
1141 569 238
965 574 1144
238 569 481
569 1141 22
564 569 323
966 569 22
487 150 564
569 564 481
22 1162 966
481 564 150
1463 1399 1409
1409 498 539
1463 1409 539
1399 1463 308
1395 1463 1418
539 498 150
555 539 150
31 1026 1395
498 481 150
1409 322 498
323 569 966
481 498 511
648 470 1525
1395 308 1463
608 152 1366
1366 43 1338
1366 1455 608
1295 1319 1455
329 1025 1319
1455 1366 1338
43 976 1338
608 1455 1319
720 608 134
720 152 608
134 608 1025
134 632 589
134 1097 632
1097 134 1025
1122 1097 1025
632 1097 300
608 1319 1025
28 673 632
1455 1338 308
1500 1366 152
1295 1026 329
1295 308 1395
1025 329 1122
329 1319 1295
329 1123 1122
1123 329 1026
303 1123 1026
1122 1123 1121
1395 1026 1295
339 1097 1122
1050 300 1049
300 1097 1049
1049 1097 339
1048 1049 339
1049 1048 1050
1096 1048 339
1096 339 1121
296 1050 1048
339 1122 1121
300 1050 736
1121 1123 303
1295 1455 308
1338 1399 308
632 300 28
539 1418 1463
589 720 134
323 1162 1106
1162 323 966
1003 1106 344
344 1106 1162
1105 344 1156
323 1106 1003
1412 1524 95
1105 1003 344
555 487 556
487 323 151
556 487 151
555 1418 539
151 545 556
1001 1003 1105
1002 151 1001
1001 151 1003
323 1003 151
149 555 556
1105 320 1001
555 150 487
1004 320 1107
1002 1001 320
1107 320 1156
320 1004 1002
1172 1107 1065
44 1107 1156
1065 1107 44
1107 1172 1004
521 1523 161
1004 1172 147
494 545 46
545 151 1002
480 545 1002
545 494 556
1210 480 147
480 46 545
147 480 1002
46 480 527
1002 1004 147
494 46 567
567 46 521
320 1105 1156
742 1524 510
149 556 494
303 1026 31
31 1418 497
155 570 565
497 570 31
565 570 497
31 570 303
555 497 1418
303 570 155
1121 1024 1096
1121 303 1024
1024 303 986
1096 1024 106
106 986 1069
986 106 1024
332 1069 986
106 1069 1052
303 155 986
296 1096 106
986 155 332
1395 1418 31
565 149 572
149 565 497
149 494 572
905 565 572
802 159 573
567 159 572
567 573 159
905 572 159
494 567 572
905 159 802
332 1052 1069
155 905 332
332 905 888
1052 332 791
341 1052 791
791 332 888
45 791 888
331 1438 792
905 802 888
598 106 1052
331 792 791
155 565 905
555 149 497
296 1048 1096
802 45 888
564 323 487
1533 1525 1061
792 341 791
1239 28 613
1239 592 28
613 736 614
736 613 28
614 736 184
1239 613 737
300 736 28
193 613 614
737 193 491
193 737 613
491 193 1047
491 493 485
23 1047 1116
1054 1047 193
1116 1047 1054
1047 23 491
193 614 1054
491 23 493
614 1435 1054
491 183 737
1435 184 1337
184 736 1050
1148 184 1151
215 1054 1435
184 1148 1337
1132 1148 1151
1132 1151 296
1337 1148 542
1050 1151 184
1435 1337 1410
1116 215 402
1116 1054 215
402 215 519
23 1116 1274
1410 542 1501
542 1410 1337
445 519 122
1410 519 215
215 1435 1410
402 519 445
1148 30 542
1435 614 184
296 1151 1050
1274 1116 402
620 366 365
365 493 380
365 116 620
116 365 380
116 990 627
620 116 627
23 380 493
274 117 620
1197 274 457
1197 273 274
457 274 17
1190 1197 1198
627 963 274
990 963 627
17 963 1543
963 17 274
274 620 627
410 457 17
116 380 391
108 493 365
415 391 380
1274 402 415
391 415 125
391 990 116
1522 1474 125
445 1216 125
1522 125 1219
445 125 415
402 445 415
1474 900 1223
392 1475 1543
391 1487 990
392 1223 1475
1543 963 990
113 961 369
1223 1488 1475
961 113 1135
1543 1475 369
1223 1487 1474
17 369 1380
904 113 1488
380 1274 415
23 1274 380
369 961 407
1501 542 1392
1234 1239 737
1132 598 1358
598 1132 296
30 1358 1426
1358 30 1132
1426 1358 302
30 1426 1450
598 341 1358
30 1392 542
1045 122 546
122 519 546
1501 1392 546
1255 546 1392
330 1045 1255
1255 1045 546
1450 1255 1392
330 1255 1450
1392 30 1450
1053 122 1045
1426 1299 1450
1213 445 122
1385 302 1358
341 792 1385
302 1385 1293
302 1299 1426
1293 1438 135
1438 1293 1385
641 135 1438
1293 135 1046
792 1438 1385
302 1293 1046
1127 330 1128
330 1450 1299
1046 330 1299
330 1127 1045
1128 1126 1127
311 1128 1046
311 1126 1128
1128 330 1046
1299 302 1046
1053 1045 1127
982 1126 25
341 1385 1358
296 106 598
326 1127 1126
900 1522 363
1219 1216 362
362 1213 1202
1216 445 1213
1219 1493 1485
1213 362 1216
122 1053 1213
1485 790 1468
113 970 1135
904 800 113
113 800 970
1136 1135 970
530 800 47
904 1325 800
904 363 1325
800 530 970
900 363 904
1136 970 530
1202 1213 1053
1216 1219 125
1202 326 603
326 1202 1053
603 326 982
1493 790 1485
110 603 994
1209 603 982
25 1209 982
657 110 289
326 1126 982
1493 110 790
1468 1325 363
1468 1353 1325
1353 790 657
1325 1353 47
47 657 652
657 47 1353
652 229 243
530 47 1102
790 110 657
1325 47 800
651 652 657
1202 603 1493
1053 1127 326
1102 47 652
135 621 1046
1148 1132 30
1052 341 598
1198 1197 457
147 1172 1210
541 976 561
1023 1526 467
1135 407 961
1489 312 1351
261 910 898
898 897 899
897 898 223
899 897 228
898 899 261
910 223 898
261 899 923
1285 1490 907
19 923 616
911 19 453
179 1480 1490
371 453 616
616 453 19
228 616 923
111 616 228
923 899 228
816 911 453
897 505 228
1022 1478 1489
111 228 505
1188 505 514
111 1188 1181
1188 111 505
1012 1181 509
111 1181 1169
1181 1188 509
111 371 616
373 109 371
109 453 371
1169 371 111
372 371 1169
373 372 118
372 373 371
1012 372 1169
372 1012 1111
1169 1181 1012
109 373 1071
514 505 114
897 114 505
897 223 114
820 453 109
204 816 826
816 204 911
194 826 820
820 826 816
884 820 109
194 820 884
816 453 820
204 826 924
924 1251 10
924 826 1251
10 1251 1227
1492 469 1495
1251 448 1227
448 1251 194
1432 448 194
1227 448 174
826 194 1251
1098 10 1227
194 884 1432
902 1491 136
1323 901 765
1171 901 884
765 901 1171
901 1323 1432
1171 454 765
454 1171 1071
58 765 454
928 182 765
1171 884 109
1323 765 182
1414 436 448
1414 448 1432
1432 1323 1414
448 436 174
436 182 441
182 436 1414
928 441 182
174 436 403
1323 182 1414
441 403 436
1130 454 1071
901 1432 884
109 1071 1171
1098 1227 174
1071 373 1140
576 136 1491
514 509 1188
509 514 15
15 456 1117
456 15 271
509 15 1108
271 15 514
114 270 514
967 15 1117
1111 1502 118
1111 1012 1108
360 1111 1108
118 372 1111
1502 1415 118
360 967 1117
1220 1502 360
360 1108 967
1108 15 967
118 1415 1140
360 1117 1129
118 1140 373
1182 1170 456
1170 1182 1183
456 1170 1030
1117 456 1030
120 1030 1170
1183 1190 120
120 1538 1030
120 1170 1183
271 272 1182
1030 1129 1117
360 1043 1220
360 1129 1043
1043 1129 119
1220 1043 1000
1043 119 1000
119 1129 378
378 1537 119
1504 361 1228
1129 1030 378
1415 1220 359
1536 1538 377
456 271 1182
270 271 514
359 1220 1000
1130 1140 357
58 454 1130
1389 357 1254
1369 357 1140
1254 357 1369
1130 357 1344
1415 1369 1140
1344 357 1389
374 928 624
928 765 58
624 928 58
928 374 441
1203 624 1214
1344 624 58
1344 1214 624
624 1203 374
58 1130 1344
394 374 1203
1344 1389 355
1071 1140 1130
1503 1389 1254
1254 1369 1347
355 1214 1344
126 1503 1254
1347 1228 126
1347 359 1504
1256 355 285
1347 126 1254
1504 1228 1347
285 355 1503
1203 997 197
1203 1214 997
997 1214 351
197 997 1204
176 801 1204
997 1095 1204
1256 351 1214
997 351 1095
1214 355 1256
197 394 1203
1300 126 1228
1369 359 1347
1415 359 1369
441 374 394
1312 1000 119
1108 1012 509
1182 272 1183
1204 801 197
1202 1493 362
100 1152 1015
384 1015 1152
1098 174 384
1180 1015 1168
384 1152 1098
1152 10 1098
100 1015 1180
57 938 812
938 57 956
57 812 937
1496 1494 276
385 938 956
1168 385 1180
938 385 222
385 956 1180
956 100 1180
812 938 779
1168 1015 384
110 1493 603
1168 1179 434
1179 1168 384
434 1179 1211
434 957 385
418 1211 958
403 1211 1179
97 939 418
1211 418 434
174 1179 384
434 418 957
222 779 938
385 957 222
222 957 939
779 222 778
778 939 774
939 778 222
939 957 418
778 774 241
939 97 774
779 778 784
84 1211 403
1168 434 385
403 1179 174
812 779 250
469 467 1495
278 937 865
865 250 856
250 865 937
856 250 814
865 856 278
812 250 937
278 856 870
5 940 839
870 940 278
252 940 870
1497 1496 276
839 252 941
252 839 940
941 252 871
839 941 5
870 856 252
931 1496 885
856 855 252
1526 1495 467
91 814 772
784 814 250
772 814 784
814 91 855
771 772 781
241 772 784
241 781 772
772 771 91
779 784 250
91 771 813
855 857 871
857 855 813
871 857 864
855 871 252
871 864 279
864 857 813
249 864 813
279 864 945
855 91 813
871 279 941
813 771 762
814 855 856
778 241 784
1497 276 1406
241 774 783
1276 1494 931
958 97 418
958 84 463
221 463 455
394 463 84
455 463 394
958 463 942
403 441 84
942 463 221
775 783 774
775 97 942
783 775 242
783 781 241
777 242 775
777 942 221
242 777 780
777 775 942
97 958 942
782 783 242
221 776 777
958 1211 84
943 776 221
943 455 1301
789 233 776
776 780 777
1301 12 943
1340 1301 801
1334 12 1301
1301 455 801
394 197 455
943 789 776
773 780 944
773 242 780
944 780 233
92 773 944
996 962 944
244 996 233
538 962 1139
996 944 233
780 776 233
92 944 962
962 996 1139
455 943 221
197 801 455
782 242 773
762 249 813
771 240 762
240 782 946
782 240 781
782 773 946
762 240 806
781 783 782
350 806 240
249 767 945
767 249 763
945 767 56
249 945 864
763 56 767
929 763 806
306 56 763
763 249 806
249 762 806
1527 1289 234
946 350 240
771 781 240
932 350 933
933 946 92
350 946 933
350 932 929
201 933 499
933 92 962
1205 201 1428
933 201 932
773 92 946
932 201 306
306 1158 56
929 932 306
1158 306 1019
306 763 929
1019 1205 346
1019 306 201
346 1205 304
1019 346 1158
1205 1019 201
1318 393 1528
499 933 538
350 929 806
538 933 962
1131 1498 264
943 12 789
774 97 775
394 84 441
906 885 1497
351 1256 1539
141 1484 1492
1538 1536 1537
457 1505 1198
1252 410 1378
1505 410 1252
124 1252 1379
1529 1252 124
1380 410 17
1252 1529 1505
379 1506 1312
1312 119 379
1506 590 1312
1312 590 361
1253 411 1506
1383 1253 124
1384 411 1253
124 1535 1529
1529 1535 1536
11 590 411
410 1380 1378
1312 361 1000
1378 1379 1252
1379 1378 426
426 1377 1373
1017 426 407
426 1373 1379
407 426 1378
1378 1380 407
1379 1373 1383
1384 1382 1381
428 1384 1383
1384 1381 411
1384 1253 1383
1382 1332 376
428 1375 1382
1382 376 1381
428 1382 1384
1383 1373 428
11 411 1381
428 1373 1372
1383 124 1379
1190 1198 120
1331 1381 376
748 1300 1228
748 361 596
989 328 748
989 596 11
1092 1013 328
989 748 596
590 596 361
748 328 1300
88 285 1013
285 126 1300
1013 285 1300
1539 88 1093
1090 1089 88
1013 1300 328
1089 1090 1081
1090 88 1013
1013 1092 1090
88 1089 1093
328 989 1086
88 1256 285
1507 1086 989
11 596 590
1507 1331 1257
1086 1092 328
1086 310 1091
1507 1257 310
310 1258 1530
1091 1530 1088
1331 376 1257
1086 1091 1092
336 1081 1090
1092 1091 336
1081 336 1082
336 1090 1092
1080 1082 335
1082 1080 1081
1088 1082 336
1082 1088 1085
1091 1088 336
1089 1081 297
1258 310 1257
1331 1507 11
1331 11 1381
297 1081 1080
1257 376 1259
361 748 1228
1372 1373 1377
1377 1017 123
123 1136 1018
123 1017 1135
1018 1136 1137
1377 123 427
407 1135 1017
427 123 1018
1375 1332 1382
1375 1372 1374
1332 1375 115
428 1372 1375
427 1376 1374
115 1374 1303
1374 115 1375
427 1374 1372
1372 1377 427
1400 1332 115
1376 427 1018
1259 376 1332
1018 960 408
1137 1136 530
243 1137 1102
408 1376 1018
960 243 732
243 960 1137
729 732 243
408 960 733
1102 652 243
733 960 732
115 1303 1370
1303 1374 1376
1303 1376 421
1370 1303 421
655 421 14
421 1376 408
733 14 421
1370 421 667
408 733 421
667 421 655
617 655 162
1018 1137 960
1136 123 1135
1400 115 1370
1258 1259 288
1258 1257 1259
1508 1241 981
1400 288 1259
1431 288 1400
1258 288 1508
1259 1332 1400
1508 981 85
1078 335 1079
335 1082 1085
1079 335 1085
1080 335 1084
1085 85 315
1075 1079 315
1079 1075 1078
1085 315 1079
1088 85 1085
305 1078 1075
315 85 981
1530 1258 1508
1431 1476 1241
1431 1241 288
1241 1476 325
325 290 981
617 349 325
617 667 655
1420 349 617
325 1476 617
1400 1370 1431
325 349 290
315 290 1064
315 981 290
1064 290 1100
1064 13 1075
1064 1146 13
1146 1064 1100
143 1146 1100
13 1146 478
290 349 1100
1064 1075 315
478 1146 504
981 1241 325
1370 667 1431
1083 1075 13
1363 1100 349
426 1017 1377
1102 1137 530
1084 335 1078
1334 1301 1340
801 176 1340
537 176 522
1093 176 1095
522 176 1093
176 537 1340
1539 1095 351
1340 537 1334
244 789 795
12 1334 1411
789 12 1411
244 1139 996
1243 795 789
1411 1334 537
237 795 1243
1243 789 1411
1411 1386 1243
1027 244 795
1386 1411 537
244 233 789
553 522 82
297 522 1093
82 522 297
553 1386 537
531 82 1077
1084 82 297
66 531 532
82 531 553
1080 1084 297
553 531 757
237 796 795
1386 553 237
796 237 757
237 1243 1386
757 66 798
237 553 757
805 405 798
757 798 796
531 66 757
1027 795 796
1074 82 1084
553 537 522
1089 297 1093
405 796 798
968 499 538
968 1139 1149
968 79 1250
79 968 1149
79 1149 1020
1453 1250 1394
244 1149 1139
968 1250 499
499 1428 201
1428 499 1453
304 1428 1306
1428 304 1205
444 304 442
1306 1428 1453
196 1306 1453
442 304 1306
499 1250 1453
304 444 346
1394 1250 79
538 1139 968
79 1020 687
1020 1027 405
79 677 1394
1020 1149 1027
677 79 687
156 687 405
387 677 679
687 1020 405
1027 796 405
1394 677 196
442 437 8
437 442 196
442 8 444
442 1306 196
437 387 395
437 196 677
71 395 387
437 395 8
677 387 437
8 395 947
679 677 687
196 1453 1394
244 1027 1149
1500 1041 153
66 805 798
176 1204 1095
532 531 1077
1077 1074 1076
305 1076 1074
1076 305 1087
138 1076 1087
1076 138 1077
1078 1074 1084
1077 138 532
66 761 805
66 532 761
761 532 535
805 761 894
761 137 894
137 761 535
137 535 533
827 894 137
532 138 535
805 894 156
138 534 535
156 405 805
1087 501 534
1087 1083 13
534 533 535
1083 1087 305
148 501 895
1087 13 501
903 148 895
501 148 534
13 478 501
534 148 533
533 500 948
533 148 500
948 500 1267
533 948 137
6 1267 1371
500 1226 1267
841 6 840
1267 6 948
148 903 500
827 137 948
478 146 501
534 138 1087
305 1074 1078
811 948 6
679 156 889
679 687 156
71 889 829
889 71 679
829 889 217
71 829 844
894 889 156
71 845 395
947 883 959
947 395 883
959 883 280
546 519 1501
280 845 257
844 845 71
257 845 844
845 280 883
395 845 883
519 1410 1501
829 859 844
679 71 387
217 859 829
217 827 811
859 217 858
859 257 844
811 841 858
841 811 6
858 841 254
811 858 217
827 948 811
859 858 254
284 257 851
875 257 859
851 257 875
284 280 257
254 851 875
876 851 254
852 80 851
851 80 284
875 859 254
1220 1415 1502
254 841 872
827 217 889
894 827 889
360 1502 1111
903 1226 500
82 1074 1077
305 1075 1083
43 1366 1500
733 732 639
1538 1198 377
407 1380 369
995 1499 33
603 1209 994
113 1475 1488
475 1065 1161
1161 1065 44
571 1044 262
262 1044 1161
979 262 1153
571 262 979
900 1474 1522
475 1161 1044
1210 475 144
1210 1172 475
475 1044 144
144 527 1210
571 219 566
144 1044 571
566 219 707
571 566 144
979 219 571
566 551 144
979 1153 219
1210 527 480
219 1009 707
1009 1153 16
236 609 16
16 609 1009
1261 1029 1521
236 16 919
141 1521 1029
707 1009 609
518 707 1330
518 566 707
1330 707 602
518 1330 1339
602 236 1134
602 707 609
105 1150 1134
1330 602 275
609 236 602
275 602 1134
105 1134 236
219 1153 1009
363 1522 1219
518 551 566
527 557 521
527 144 557
1339 1346 1477
551 518 1339
1446 1346 1403
1339 1477 551
551 557 144
1477 1346 508
573 521 161
573 567 521
557 1523 521
1275 573 161
508 1446 1427
1446 508 1346
1351 1427 1446
161 508 1354
1477 1523 557
1354 508 1427
1346 1339 49
46 527 521
49 1419 1273
1419 49 1339
610 1273 1419
49 1273 1403
1134 1119 275
1119 1134 1150
610 1419 1119
275 1119 1419
1339 1330 1419
173 1119 1150
1273 1277 1403
1277 1273 610
1277 610 1290
1446 1403 352
1290 173 1348
173 1290 610
1348 173 1278
352 1277 1290
610 1119 173
1403 1277 352
1150 1263 173
49 1403 1346
1419 1330 275
1290 1348 188
236 919 821
554 802 573
818 821 266
266 821 919
248 822 912
912 822 266
794 912 51
248 912 794
743 1520 192
818 266 822
105 818 793
105 236 818
818 822 793
1231 105 793
248 1328 1294
1302 1328 248
1328 1470 1469
248 1294 793
822 248 793
1294 1230 793
248 794 1302
105 1231 1150
794 1229 1233
1233 1302 794
1229 51 918
419 1233 1229
918 265 823
713 354 1518
823 265 819
1229 918 397
396 628 1519
823 397 918
1469 1470 423
1233 419 1470
1249 419 397
1470 1328 1302
823 1355 397
1355 823 819
1355 819 83
397 1355 1249
1229 397 419
1249 1355 1336
819 1208 1057
794 51 1229
628 1305 1519
1249 438 419
1263 1150 370
370 1231 417
417 1232 370
1294 1469 1230
1429 1232 439
417 1231 1230
1231 793 1230
370 1232 1269
1278 1263 1466
173 1263 1278
721 1263 1269
1466 208 1278
1269 1429 52
1429 1269 1232
52 1429 1322
1269 52 721
1263 370 1269
52 710 721
1232 417 439
1231 370 1150
419 438 423
1249 1336 438
213 438 1336
439 423 438
83 1057 1032
1057 83 819
291 1032 1059
83 1032 1336
1328 1469 1294
1032 213 1336
1322 213 747
1322 1429 213
210 1322 747
213 1429 439
291 746 747
213 439 438
746 291 94
291 747 213
1032 291 213
52 1322 618
291 1056 94
423 439 417
83 1336 1355
1348 1278 1270
819 265 824
236 821 818
461 1094 1532
210 747 746
550 554 1275
1275 554 573
1354 312 1221
1354 1427 312
312 1489 1221
1354 1221 1275
1275 161 1354
550 1275 1221
45 544 1016
45 554 544
1016 544 974
1016 331 791
544 190 974
1544 1478 190
1478 550 1221
646 974 190
550 1544 554
1016 974 172
1489 1478 1221
45 802 554
352 1509 1351
312 1427 1351
1509 292 1489
1022 1489 292
479 474 188
1509 352 1531
1531 1290 188
507 474 479
1270 188 1348
292 474 32
190 1070 646
1022 292 1070
1038 1070 32
1070 190 1022
32 507 1173
1070 292 32
316 1005 1173
1038 32 964
474 507 32
1038 646 1070
1440 1173 507
1351 1509 1489
352 1351 1446
1173 998 32
641 331 172
331 1016 172
318 645 646
645 172 974
646 1038 1166
318 646 1166
646 645 974
686 172 645
641 686 694
641 172 686
694 686 87
694 621 135
993 87 1206
1206 87 686
1206 686 645
993 1206 318
318 1206 645
644 694 87
1166 964 318
135 641 694
964 998 991
1166 1038 964
991 998 327
991 993 318
327 1005 1007
1005 327 998
1007 1005 1006
991 327 992
998 1173 1005
999 327 1007
993 992 513
993 991 992
513 992 89
993 513 87
1007 89 999
89 1007 1215
513 89 482
999 89 992
327 999 992
87 513 739
1007 301 1215
991 318 964
32 998 964
89 1215 1207
1270 479 188
791 45 1016
479 208 636
208 479 1270
636 710 618
710 636 208
710 52 618
1510 636 214
1278 208 1270
479 636 99
1327 99 1440
99 1327 479
1440 99 1357
1440 507 1327
1357 510 529
1357 99 1510
510 1524 1479
1440 1357 1311
1357 1510 510
1311 1357 529
636 618 214
1173 1440 316
210 741 1272
210 746 741
1272 741 178
1272 214 618
741 708 178
708 741 94
660 708 588
178 708 660
1322 210 618
1272 178 742
95 1524 742
214 1272 742
95 742 709
742 510 214
178 658 709
709 742 178
202 666 658
95 709 666
658 178 660
666 709 658
588 708 94
1272 618 210
94 741 746
1479 1524 528
1006 316 1311
1311 316 1440
1479 1298 1292
1292 1311 529
1298 528 1454
1311 1292 1511
1298 1479 528
90 1292 1298
1511 301 1006
1311 1511 1006
301 1511 1545
1006 301 1007
1304 1454 461
1304 90 1298
461 1454 1445
1545 1304 743
1454 1304 1298
743 1304 461
528 1412 1454
316 1006 1005
1445 1412 606
1412 95 606
1320 606 666
186 606 1320
1425 202 1398
666 202 1425
1320 1425 1309
666 1425 1320
1524 1412 528
575 1425 1398
1445 186 1094
1445 606 186
1094 186 1073
1445 1094 461
1309 575 1512
1309 1073 186
186 1320 1309
1073 1309 1512
1425 575 1309
978 1094 1073
1398 1451 575
1412 1445 1454
606 95 666
295 1215 301
659 658 660
1327 507 479
710 208 721
368 1305 1532
1032 1057 1059
331 641 1438
235 824 930
930 824 265
50 1164 321
1368 1516 1365
321 1164 972
526 930 50
714 1517 638
526 50 321
294 1208 523
1208 819 235
523 1208 235
294 1057 1208
523 526 547
526 523 235
547 526 321
294 523 722
235 930 526
547 86 523
321 711 547
1057 294 1059
972 347 973
347 972 1164
973 1159 314
1159 973 347
314 1159 76
972 973 1174
430 1390 1515
699 973 314
711 1174 132
711 321 1174
1174 973 132
711 132 615
132 674 615
674 132 699
676 674 699
615 647 711
973 699 132
547 711 647
699 314 676
1174 321 972
101 638 1517
586 615 674
1056 291 1058
334 1058 1059
722 86 631
722 1059 294
692 317 631
334 1059 722
523 86 722
712 722 631
1056 334 723
334 1056 1058
723 334 712
286 1056 723
317 1248 723
317 712 631
630 1248 317
317 723 712
334 722 712
1417 723 1248
631 86 647
588 94 1056
647 127 692
127 647 615
692 127 619
630 317 692
1039 145 476
586 619 127
619 476 145
692 619 630
127 615 586
630 619 145
630 1262 413
630 145 1262
1449 413 1262
413 1248 630
145 1436 1262
145 1238 1436
409 1238 1039
1422 1436 1238
1039 1238 145
1248 413 1434
619 586 476
692 631 647
86 547 647
1262 1436 1449
674 61 586
819 824 235
672 314 1335
1335 76 1459
1465 309 1459
1459 76 1465
1341 1297 309
1335 1459 1316
1465 342 1460
1316 1459 309
672 633 676
676 314 672
1316 672 1335
1297 672 1316
353 1297 1268
1297 353 672
1341 1268 1297
601 353 1268
1316 309 1297
633 672 353
309 1460 1341
1335 314 76
342 908 1362
450 1514 195
1362 908 293
1362 1341 1460
293 769 893
769 293 908
1 769 908
769 1 915
756 401 1513
1362 293 69
69 815 1268
1341 1362 69
815 69 892
69 1268 1341
815 892 171
892 69 293
892 293 893
891 892 893
915 893 769
207 893 915
130 1513 1265
1362 1460 342
1014 669 1514
601 1268 815
756 476 61
476 586 61
700 601 1224
601 700 633
756 61 700
633 700 61
61 676 633
401 700 1224
756 1513 130
130 1039 756
1513 401 1245
409 1039 130
401 1246 1245
1246 401 1224
414 1265 1245
1245 1265 1513
756 700 401
1244 1245 1246
1224 400 1246
756 1039 476
815 170 601
815 171 170
464 170 171
400 1224 170
891 207 925
171 892 891
1393 1512 575
171 891 1296
633 353 601
925 1296 891
400 1244 1246
170 464 400
400 464 458
73 1244 400
464 77 458
77 464 1296
77 1296 925
458 77 914
171 1296 464
414 1245 1244
1511 90 1545
170 1224 601
207 891 893
1265 1286 130
486 1073 1512
61 674 676
1365 1515 425
73 400 458
1397 588 286
286 588 1056
1248 59 1417
1417 286 723
59 1434 1313
1397 286 1417
59 1248 1434
1424 1417 59
1397 1424 181
1397 1417 1424
181 1424 671
1397 181 588
671 1313 424
671 1424 59
1447 424 1313
669 671 424
1313 671 59
691 181 671
1313 1434 1447
181 659 660
1448 1447 1449
1447 1434 413
1449 1436 435
435 1448 1449
1421 1422 409
435 1436 1422
1237 409 381
435 1422 1423
1238 409 1422
409 1237 1421
1352 1448 1437
1352 424 1448
1448 435 1437
195 1352 1437
1423 1421 404
1437 435 1423
70 404 1421
1423 404 1437
1422 1421 1423
195 1437 404
404 70 449
1448 424 1447
413 1449 1447
1352 669 424
202 659 665
202 658 659
665 691 107
691 665 659
107 691 669
665 107 604
181 691 659
202 665 1451
185 1393 1401
1393 575 1451
1401 1393 1451
1512 1393 486
185 604 517
1401 1451 665
490 604 107
604 185 1401
665 604 1401
490 517 604
107 1040 490
1451 1398 202
1514 450 1014
1514 669 1352
1014 450 1040
1014 1040 107
404 446 195
446 404 449
450 446 1042
195 446 450
671 669 691
199 446 449
1040 984 189
1040 450 984
189 984 1042
490 1040 516
1042 199 577
1042 984 450
1235 577 199
189 1042 488
199 1042 446
516 1040 189
199 449 1314
1014 107 669
195 1514 1352
1042 577 488
70 1421 1237
588 181 660
1284 381 1286
409 130 381
1288 1287 1266
414 1287 1286
1266 1287 414
1284 1286 1287
1286 381 130
416 1287 1288
1284 1540 70
1284 70 381
1540 416 810
451 1314 449
810 1236 451
810 416 1288
1321 1480 179
451 1540 810
1284 1287 416
451 1236 180
1288 907 810
381 70 1237
1288 73 907
1266 1244 73
890 73 809
907 73 890
458 809 73
458 807 809
807 914 206
809 807 817
414 1244 1266
890 809 177
890 1285 907
890 177 1285
583 1285 177
1490 1480 810
817 206 926
177 809 817
636 1510 99
926 1542 817
807 206 817
179 1490 1285
214 510 1510
73 1288 1266
807 458 914
1264 583 1542
585 1314 180
180 1314 451
1321 179 1279
1321 180 1236
582 1279 1280
180 1321 584
1480 1321 1236
1279 582 1321
1541 585 429
1235 1314 585
1388 585 584
585 1541 1235
584 582 75
585 180 584
75 582 1367
584 75 1388
1321 582 584
1391 1388 75
1279 179 1282
1235 199 1314
1283 1280 583
1282 1280 1279
583 1280 1282
1280 1283 1281
1283 1264 1368
583 1282 1285
60 1264 926
1264 1283 583
1542 583 177
1368 1264 60
1367 1281 425
1281 1367 582
1281 1283 425
1367 425 1515
1516 1368 60
1365 1516 459
1515 1365 430
1368 1365 425
1283 1368 425
1367 1390 75
352 1290 1531
1280 1281 582
179 1285 1282
459 1175 1365
474 292 1509
449 70 451
1265 414 1286
185 486 1393
1292 90 1511
1058 291 1059
93 1518 338
585 1388 429
287 1209 25
1126 738 25
131 738 311
131 621 644
595 738 642
131 311 621
1046 621 311
25 738 595
1036 289 110
1036 994 287
289 1036 1035
289 651 657
1037 1036 287
994 1209 287
1176 287 595
1036 1037 1035
25 595 287
101 289 1035
738 131 642
994 1036 110
595 642 157
131 611 642
1068 611 160
739 611 644
160 611 739
611 1068 642
87 739 644
642 1068 157
313 1037 1185
1037 287 1176
1185 1037 1176
1037 313 1035
1192 1185 597
157 1185 1176
157 597 1185
1185 1192 313
595 157 1176
1035 313 638
635 313 1192
131 644 611
482 89 1207
313 635 638
729 229 724
729 243 229
229 354 724
1387 651 101
623 268 724
1387 229 651
651 229 652
729 724 268
649 14 690
733 639 14
690 14 639
162 655 649
690 689 649
268 693 639
168 689 690
693 690 639
268 639 732
649 689 162
1387 354 229
729 268 732
1387 1359 354
101 1517 1359
354 1359 1324
354 713 724
1517 1324 1359
1517 356 1324
356 1517 714
354 1324 1518
651 289 101
1247 1518 1324
656 693 623
623 693 268
623 724 713
93 623 713
337 168 656
656 168 693
93 656 623
758 656 93
713 1518 93
693 168 690
356 1247 1324
1359 1387 101
1035 638 101
634 689 168
1033 157 1068
1126 311 738
1055 1033 1068
1055 160 1218
1350 412 1225
482 1218 160
1055 1218 587
1055 587 412
160 739 482
1055 412 1033
102 597 1349
597 157 1033
1349 597 1033
102 635 1192
1416 1349 389
1349 1033 412
389 1349 1350
1349 1416 102
412 1350 1349
102 1416 1271
1218 482 298
102 1192 597
1225 587 54
298 482 1207
587 1218 298
1430 1350 1225
54 298 988
987 298 1207
54 1345 1430
298 54 587
1215 987 1207
1225 54 1430
1416 1441 1271
1416 389 1441
1441 389 1452
466 1271 1441
1452 1315 1441
1345 1452 1430
307 1315 1452
1452 389 1430
1350 1430 389
466 1441 1315
988 298 987
412 587 1225
739 513 482
102 1271 983
714 725 356
714 638 635
338 1247 3
1247 356 725
358 725 714
785 338 921
714 635 358
338 758 93
337 766 168
656 758 337
337 758 786
766 337 799
758 348 786
785 348 758
786 913 337
337 913 799
758 338 785
766 799 98
1247 725 3
338 1518 1247
358 983 744
635 102 358
744 983 232
744 3 725
466 1028 983
980 1028 466
828 232 1028
1028 232 983
983 358 102
744 232 730
921 338 3
1457 37 1464
1465 1460 309
348 785 921
38 1310 1467
721 208 1466
790 1353 1468
98 799 913
3 744 730
913 786 348
1263 721 1466
725 358 744
1271 466 983
634 168 766
232 260 730
160 1055 1068
621 694 644
764 766 98
349 1420 1363
617 162 1420
1363 1456 143
675 1456 1420
1308 1456 1326
1456 1363 1420
1420 162 675
143 1456 1308
146 895 501
504 146 478
477 146 503
895 146 477
477 896 895
503 146 504
896 477 65
502 504 143
143 504 1146
224 903 896
502 143 1308
896 903 895
1326 96 836
96 1326 675
836 502 1308
836 1308 1326
836 96 886
333 96 634
836 886 808
634 96 675
162 689 675
836 808 502
477 1356 65
503 504 502
136 503 502
477 503 576
576 1356 477
576 503 136
1491 902 1481
842 65 843
502 808 136
1356 1343 65
576 1291 1356
1456 675 1326
634 675 689
896 65 842
1371 840 6
1371 1226 224
1371 862 840
862 1371 224
862 224 863
840 862 253
224 1226 903
840 872 841
876 254 872
876 872 874
852 876 258
852 851 876
253 874 872
874 253 847
258 874 849
874 258 876
872 840 253
852 258 881
862 873 253
1371 1267 1226
847 253 873
873 863 255
847 873 848
849 874 847
842 255 863
877 255 842
878 848 255
255 848 873
863 224 842
847 848 72
852 881 949
258 849 881
881 849 866
949 881 281
72 866 849
846 866 72
868 281 866
866 281 881
849 847 72
355 1389 1503
72 848 850
873 862 863
896 842 224
852 949 80
760 136 808
1100 1363 143
808 340 760
340 808 886
759 886 96
759 333 788
787 886 759
886 787 340
96 333 759
902 760 825
843 1343 860
1343 1356 1291
218 1343 1291
1343 843 65
860 218 861
1481 218 1291
1481 887 218
218 860 1343
1291 1491 1481
880 843 860
825 760 340
136 760 902
759 788 343
333 920 788
759 343 787
340 787 909
920 343 788
1230 1469 417
419 423 1470
343 909 787
764 98 920
909 825 340
861 887 950
902 825 7
887 902 7
887 861 218
7 950 887
1486 1472 276
440 1473 443
950 282 861
825 909 7
861 282 860
599 1471 440
333 764 920
634 766 333
880 860 282
877 878 255
878 877 879
256 879 877
879 256 853
259 879 854
879 259 878
877 843 256
878 259 850
850 846 72
846 850 867
868 846 251
846 868 866
867 251 846
251 867 869
953 251 838
251 953 868
850 259 867
868 953 281
259 882 867
878 850 848
880 853 256
853 880 951
854 853 81
853 854 879
951 81 853
113 369 1475
617 1476 667
81 952 854
880 282 951
854 952 882
882 869 867
869 882 283
838 869 954
869 838 251
283 954 869
1544 190 544
510 1479 529
954 4 838
882 952 283
838 4 953
557 551 1477
854 882 259
256 843 880
361 1504 1000
391 125 1474
843 877 842
764 333 766
359 1000 1504
1315 980 466
14 649 655
726 295 743
987 1215 295
1519 368 1008
192 1520 1305
1532 1305 1520
1008 368 978
978 368 1094
461 1520 743
988 726 299
988 987 726
299 726 715
988 299 1099
715 192 628
192 715 726
1305 628 192
985 299 715
726 743 192
1519 1008 396
978 53 1008
726 987 295
53 486 559
53 978 1073
64 559 517
559 486 185
1073 486 53
517 490 64
559 185 517
53 559 549
239 1031 549
1031 53 549
549 559 540
245 549 540
64 558 548
558 64 516
1242 548 230
64 548 540
64 540 559
1008 1031 1011
189 558 516
53 1031 1008
64 490 516
246 540 548
1099 985 1104
1099 299 985
104 599 628
985 715 599
1519 1305 368
104 628 396
715 628 599
985 599 440
307 1345 1104
1345 54 1104
1104 985 440
440 1402 1104
1333 104 1407
104 1333 1471
398 1407 104
1442 1333 1407
104 1471 599
1333 1473 1471
104 396 398
54 1099 1104
398 1011 239
1011 398 396
1011 1031 239
433 398 239
745 245 246
1011 396 1008
245 239 549
239 245 768
246 245 540
731 246 1242
1408 433 768
768 433 239
768 245 955
955 67 768
247 745 731
731 745 246
727 731 1242
745 247 955
245 745 955
731 727 68
727 1242 230
398 433 1407
548 1242 246
1442 1407 433
536 548 558
1099 54 988
62 536 558
488 577 62
1361 1360 429
62 577 1360
1388 1391 1482
1360 1361 1483
1360 577 1541
1482 429 1388
1483 536 62
62 1360 1483
406 1361 1177
447 536 406
1177 431 1186
431 1177 1361
1193 1186 431
406 1177 129
429 1482 1361
1186 969 1177
431 1391 420
536 230 548
420 1307 1390
1307 1391 75
1367 1515 1390
430 420 1390
1110 1184 1175
1175 1184 430
169 1175 459
1110 1175 169
1365 1175 430
1191 430 1184
1193 420 1191
1193 431 420
420 430 1191
163 1193 1191
1143 1195 386
386 1195 1191
386 1191 1184
1110 1143 386
1110 386 1184
1186 1193 375
1110 169 1160
420 1391 1307
189 488 558
1195 163 1191
230 447 462
230 536 447
1133 129 969
447 406 129
129 1177 969
129 1021 447
375 969 1186
1133 969 375
1021 142 462
462 447 1021
1021 129 1101
1101 467 1021
1133 975 1023
1133 1101 129
1023 975 460
1101 1133 467
1133 375 975
467 1133 1023
375 163 975
230 462 727
1178 163 1187
1178 460 975
163 1195 1187
1194 1178 1187
1212 465 1143
1143 465 1187
1187 1195 1143
78 1143 1160
1110 1160 1143
1194 1187 465
460 1194 1200
1194 460 1178
1200 1194 1199
460 1200 1023
465 1199 1194
465 1212 1199
1212 78 755
1199 1212 166
1143 78 1212
1200 1199 166
989 11 1507
1178 975 163
1193 163 375
727 462 716
1508 288 1241
558 488 62
1390 1307 75
1023 1200 74
1342 980 1315
1342 307 1402
440 443 1402
1402 307 1104
1473 1486 443
1342 1402 1276
1471 1473 440
1276 1402 443
1342 103 980
103 1342 1276
103 1276 931
980 103 828
1496 931 1494
1276 443 1494
885 1496 1497
103 931 797
1486 1494 443
797 931 885
1444 1472 422
1315 307 1342
1444 1442 1443
1442 1444 422
1442 433 1443
432 1444 1443
1405 1408 67
1408 1405 1443
1408 768 67
1405 67 668
1408 1443 433
432 1443 1405
1406 432 803
432 1406 1444
139 803 432
803 1497 1406
653 668 664
668 432 1405
668 67 664
432 668 139
664 247 740
1497 803 906
664 67 247
1406 1472 1444
1333 1442 422
740 227 664
830 828 797
797 828 103
225 885 804
225 797 885
906 803 927
319 906 927
906 804 885
830 797 225
260 830 916
830 260 828
830 225 916
663 38 1467
804 319 55
319 804 906
55 319 1157
804 55 916
225 804 916
1485 1468 363
927 139 319
260 232 828
319 1034 1113
1113 1157 319
1034 139 653
345 1113 1034
653 227 324
139 668 653
324 227 1115
653 324 1034
803 139 927
1114 1034 324
1113 345 1157
345 1034 1114
345 1114 1163
1233 1470 1302
1163 1115 48
1163 1114 324
661 48 1115
1406 276 1472
324 1115 1163
1473 1333 422
661 1115 227
319 139 1034
664 227 653
423 417 1469
227 740 231
828 1028 980
662 247 68
955 247 67
612 142 1396
612 716 462
612 1396 1413
68 716 685
727 716 68
612 685 716
231 662 697
231 740 662
697 662 685
231 697 695
612 140 685
140 612 1413
140 1413 470
685 140 697
662 68 685
697 140 696
1396 1260 1413
231 661 227
142 467 469
731 68 247
1495 468 141
469 1260 1396
166 578 1200
74 1526 1023
74 1200 578
1495 1526 468
462 142 612
754 166 755
469 1492 1260
470 1413 1260
1484 1260 1492
141 1492 1495
128 578 754
754 578 166
165 754 755
468 578 579
468 74 578
753 754 165
1536 1535 379
1396 142 469
467 142 1021
140 470 648
661 695 749
661 231 695
140 648 696
696 695 697
1484 1525 470
696 648 750
1260 1484 470
695 696 167
1487 1223 392
749 695 167
167 696 750
1488 1223 900
581 63 1061
750 648 1533
1029 1061 141
581 1061 1029
648 1525 1533
1431 667 1476
579 1521 141
661 749 48
579 128 637
579 141 468
637 128 688
579 637 1222
688 753 752
753 688 128
752 753 165
688 752 2
128 754 753
637 688 751
164 581 1261
581 1029 1261
1261 1521 1222
164 1261 1222
1292 529 1479
164 1222 637
164 637 751
1236 810 1480
688 2 751
1022 190 1478
457 410 1505
1521 579 1222
578 128 579
1523 1477 508
590 1506 411
740 247 662
755 166 1212
1486 1473 422
1086 1507 310
307 1452 1345
301 1545 295
1198 1505 377
1508 85 1530
1065 475 1172
508 161 1523
285 1503 126
1253 1535 124
377 1505 1529
1088 1530 85
1091 310 1530
188 474 1531
474 1509 1531
461 1532 1520
1094 368 1532
1061 63 1533
750 1533 63
629 1534 393
670 212 1534
1253 1506 1535
379 1535 1506
1537 1536 379
377 1529 1536
119 1537 379
1537 378 1538
1030 1538 378
1198 1538 120
88 1539 1256
1095 1539 1093
70 1540 451
1284 416 1540
1360 1541 429
577 1235 1541
817 1542 177
926 1264 1542
1543 369 17
990 392 1543
554 1544 544
550 1478 1544
1304 1545 90
295 1545 743
130
1 908
2 752
3 730
954 4
5 941
0 934
909 7
8 947
9 910
10 1152
16 1153
19 911
18 1154
21 922
27 1155
22 1217
35 1464
37 935
38 734
44 1156
50 930
749 48
51 912
1157 55
56 1158
57 937
60 926
581 63
76 1159
77 925
78 1160
80 949
951 81
913 98
100 956
164 751
165 755
750 167
169 459
204 924
205 698
206 914
207 915
916 260
261 923
262 1161
263 917
264 560
265 918
266 919
277 562
278 940
279 945
280 284
281 953
950 282
952 283
284 80
342 1465
920 343
344 1162
1163 345
346 444
347 1164
348 921
444 8
459 1516
560 18
562 35
164 581
698 21
734 27
730 260
167 749
63 750
751 2
752 165
755 78
908 342
343 909
910 261
911 204
912 266
348 913
914 77
915 1
55 916
917 9
918 51
919 16
98 920
3 921
922 263
923 19
924 10
925 207
926 206
930 265
934 38
935 0
937 278
940 5
941 279
945 56
947 959
949 281
7 950
282 951
81 952
953 4
283 954
956 57
959 280
1152 100
1153 262
1154 205
1155 264
1156 344
345 1157
1158 346
1159 347
1160 169
1161 44
1162 22
48 1163
1164 50
1217 277
1464 37
1465 76
1516 60
